0.633162,0.297284,0.052804
0.630232,0.317056,0.049337
0.626836,0.335861,0.045898
0.621634,0.355584,0.042207
0.617369,0.375407,0.038737
0.613636,0.394162,0.035545
0.609770,0.412881,0.032353
0.605810,0.432857,0.028717
0.601848,0.452554,0.025055
0.596435,0.471916,0.021385
0.591082,0.490837,0.017709
0.586902,0.509894,0.014079
0.582783,0.528522,0.010447
0.573996,0.567049,0.002513
0.570178,0.586689,-0.001754
0.565931,0.605525,-0.005812
0.561620,0.624623,-0.010033
0.557730,0.642616,-0.014235
0.561286,0.665303,-0.019348
0.551941,0.661099,-0.018961
0.557848,0.682102,-0.023598
0.545220,0.680543,-0.024269
0.554542,0.700674,-0.028742
0.541677,0.699354,-0.029445
0.503206,0.832751,-0.069555
0.501747,0.849091,-0.074238
0.522830,0.774099,-0.051621
0.534158,0.796508,-0.056772
0.518780,0.792810,-0.057134
0.530446,0.815082,-0.062295
0.514457,0.811868,-0.062792
0.501192,0.803829,-0.061778
0.524414,0.834369,-0.068310
0.511794,0.828010,-0.067506
0.521128,0.851541,-0.073315
0.551227,0.720019,-0.034301
0.538029,0.718911,-0.035099
0.545641,0.739831,-0.040116
0.532021,0.737356,-0.040639
0.541605,0.757757,-0.045388
0.525835,0.755301,-0.046190
0.537723,0.777904,-0.051243
0.492802,0.886049,-0.085475
0.507185,0.908820,-0.090822
0.489040,0.904692,-0.091343
0.503070,0.927702,-0.096866
0.485350,0.922826,-0.097127
0.498904,0.946832,-0.103105
0.480456,0.941904,-0.103401
0.494921,0.965407,-0.109098
0.476529,0.960686,-0.109416
0.489270,0.984273,-0.115386
0.449683,1.052653,-0.141179
0.465981,1.076747,-0.147605
0.445361,1.070876,-0.147539
0.461602,1.095083,-0.154262
0.439973,1.089496,-0.154360
0.457026,1.112226,-0.160677
0.435921,1.108098,-0.161061
0.458797,1.017756,-0.128949
0.471606,1.041185,-0.135314
0.455459,1.034490,-0.134754
0.470755,1.057982,-0.140862
0.483104,1.001958,-0.121541
0.465310,0.997090,-0.121674
0.453527,0.989443,-0.120458
0.479374,1.020303,-0.127651
0.465098,1.012028,-0.126329
0.479845,1.035647,-0.132548
0.395761,1.241341,-0.215420
0.396957,1.254301,-0.220486
0.421999,1.240394,-0.212452
0.403965,1.234955,-0.212073
0.389498,1.227587,-0.210577
0.431536,1.262165,-0.220101
0.419039,1.255011,-0.218502
0.417006,1.180432,-0.189177
0.445328,1.208749,-0.197545
0.431412,1.204574,-0.197260
0.411855,1.199675,-0.197202
0.441366,1.226932,-0.204992
0.427970,1.223066,-0.204996
0.407875,1.217755,-0.204928
0.435060,1.246009,-0.213309
0.423159,1.147482,-0.176301
0.441379,1.168619,-0.182486
0.423070,1.163515,-0.182211
0.449183,1.190303,-0.189981
0.435954,1.186650,-0.189879
0.431301,1.126585,-0.167988
0.457379,1.153380,-0.175456
0.446404,1.149850,-0.175138
0.431107,1.142151,-0.173664
0.375021,1.331877,-0.255283
0.407237,1.358231,-0.263680
0.390637,1.349985,-0.261721
0.373891,1.345179,-0.261219
0.405889,1.372263,-0.270109
0.387802,1.367812,-0.269724
0.396952,1.330637,-0.252776
0.379910,1.323909,-0.251445
0.411085,1.350193,-0.259807
0.392817,1.272573,-0.228292
0.423312,1.299035,-0.236224
0.406747,1.295558,-0.236499
0.387291,1.289591,-0.235920
0.419560,1.317228,-0.244505
0.402332,1.313864,-0.244897
0.382324,1.308393,-0.244609
0.413926,1.336095,-0.253431
0.368558,1.427479,-0.296440
0.351264,1.418722,-0.294286
0.386855,1.445855,-0.303068
0.369093,1.440566,-0.302044
0.348127,1.435091,-0.301348
0.358160,1.399306,-0.285679
0.392670,1.426442,-0.294267
0.375994,1.420558,-0.293041
0.742563,-0.335070,0.100301
0.738214,-0.317723,0.099927
0.719195,-0.323396,0.099027
0.734940,-0.297794,0.099300
0.714171,-0.302536,0.098183
0.740234,-0.274390,0.099014
0.729209,-0.278358,0.098642
0.723862,-0.259722,0.097827
0.706627,-0.263841,0.097062
0.699944,-0.246280,0.096446
0.737110,-0.253566,0.098282
0.728744,-0.251742,0.097857
0.720560,-0.238516,0.097404
0.702724,-0.237761,0.096609
0.697848,-0.223561,0.096087
0.733913,-0.235265,0.097860
0.730391,-0.214793,0.097264
0.716698,-0.218935,0.096886
0.726312,-0.195404,0.097114
0.712632,-0.198555,0.096549
0.691883,-0.203542,0.095740
0.708535,-0.178583,0.096201
0.687363,-0.184759,0.095360
0.683034,-0.164708,0.094906
0.679437,-0.144438,0.094309
0.671388,-0.129402,0.093395
0.712800,-0.135002,0.095614
0.701700,-0.137192,0.095266
0.694675,-0.119816,0.094361
0.678190,-0.121645,0.093523
0.672322,-0.105164,0.092802
0.707519,-0.116022,0.094971
0.703391,-0.096061,0.094315
0.690113,-0.100647,0.093768
0.699442,-0.076735,0.093555
0.684488,-0.080151,0.092725
0.666896,-0.085837,0.091840
0.680010,-0.060890,0.091898
0.659737,-0.066037,0.090596
0.655542,-0.046597,0.089606
0.695348,-0.056995,0.092884
0.690991,-0.039533,0.092012
0.675453,-0.041295,0.091058
0.670300,-0.024098,0.089679
0.652400,-0.026751,0.088330
0.648288,-0.007201,0.086751
0.687693,-0.017015,0.090474
0.676158,-0.015494,0.089585
0.683948,0.002497,0.088844
0.669385,-0.000627,0.088089
0.641118,0.008833,0.084971
0.665237,0.017967,0.086339
0.647826,0.016072,0.085128
0.639471,0.032258,0.083039
0.634455,0.051044,0.080845
0.680387,0.022067,0.087160
0.675329,0.041016,0.084930
0.657996,0.038389,0.084006
0.671836,0.061261,0.082991
0.654258,0.056855,0.081929
0.668131,0.080894,0.081230
0.650696,0.076574,0.079960
0.631385,0.071390,0.078648
0.664512,0.100353,0.079345
0.647215,0.096147,0.078058
0.626403,0.091233,0.076434
0.640108,0.115130,0.075803
0.620405,0.109689,0.074239
0.634951,0.134940,0.073645
0.616135,0.129107,0.072131
0.644622,0.155449,0.072638
0.631161,0.155116,0.071445
0.626169,0.172910,0.069097
0.619291,0.190676,0.066344
0.603500,0.187373,0.064916
0.610220,0.207668,0.063387
0.597592,0.206237,0.062073
0.593232,0.225491,0.059377
0.586294,0.244556,0.056410
0.577646,0.263536,0.052970
0.653224,0.160430,0.072970
0.647522,0.178452,0.070447
0.634387,0.179048,0.069333
0.643571,0.198503,0.067662
0.627815,0.195222,0.066758
0.636164,0.217096,0.064595
0.619208,0.212596,0.063689
0.632857,0.235842,0.061804
0.613046,0.231311,0.060737
0.609516,0.250727,0.058010
0.595027,0.249251,0.056720
0.606170,0.270472,0.055020
0.588337,0.266591,0.053821
0.599268,0.289311,0.051596
0.581376,0.283973,0.050769
0.594834,0.308386,0.048188
0.575164,0.302733,0.047466
0.562943,0.303798,0.046085
0.571957,0.322466,0.044228
0.567267,0.342372,0.040685
0.560384,0.361199,0.037186
0.556826,0.380025,0.033798
0.552725,0.399346,0.030394
0.548667,0.419560,0.026798
0.618080,0.293833,0.052380
0.614468,0.313220,0.048912
0.611822,0.332997,0.045442
0.591153,0.328084,0.044820
0.606787,0.351128,0.042062
0.588505,0.347273,0.041430
0.599475,0.370283,0.038401
0.579869,0.365698,0.037850
0.595954,0.389934,0.035026
0.575945,0.384323,0.034491
0.592385,0.409395,0.031718
0.572252,0.403886,0.031174
0.588209,0.428037,0.028288
0.568311,0.423607,0.027637
0.584459,0.447270,0.024721
0.564403,0.442988,0.024069
0.544949,0.438432,0.023349
0.579644,0.465969,0.021269
0.560415,0.461948,0.020586
0.540761,0.457215,0.019934
0.571821,0.484251,0.017396
0.554285,0.480993,0.016789
0.534422,0.475946,0.016164
0.567353,0.504166,0.013643
0.548049,0.499602,0.013161
0.528593,0.494221,0.012675
0.562406,0.523789,0.009849
0.542779,0.518636,0.009492
0.523541,0.513136,0.008965
0.558588,0.542434,0.006108
0.538488,0.537997,0.005625
0.519279,0.532378,0.005128
0.554806,0.561298,0.002216
0.534547,0.555893,0.001926
0.515012,0.551368,0.001270
0.549797,0.581062,-0.002077
0.530153,0.575740,-0.002281
0.510614,0.571034,-0.002867
0.545714,0.600502,-0.006201
0.525688,0.595536,-0.006542
0.506258,0.590660,-0.007143
0.541441,0.619426,-0.010386
0.521463,0.614289,-0.010697
0.502110,0.609249,-0.011294
0.537419,0.637240,-0.014430
0.517285,0.633282,-0.015097
0.498004,0.628080,-0.015688
0.533310,0.657273,-0.019390
0.513090,0.653104,-0.019928
0.525783,0.676177,-0.024639
0.507334,0.670442,-0.024838
0.521299,0.693745,-0.029701
0.501672,0.687955,-0.029992
0.458872,0.778289,-0.058699
0.454659,0.797039,-0.064291
0.470390,0.820465,-0.069066
0.450954,0.815249,-0.069733
0.465909,0.839338,-0.074730
0.446748,0.834351,-0.075345
0.469734,0.721526,-0.042179
0.466871,0.740003,-0.047456
0.478978,0.763859,-0.052646
0.462729,0.759155,-0.053033
0.478515,0.782111,-0.057698
0.491772,0.808302,-0.063770
0.474464,0.801460,-0.063406
0.490470,0.825826,-0.068718
0.485047,0.843465,-0.074130
0.498013,0.707174,-0.035532
0.478785,0.703422,-0.036331
0.494705,0.727234,-0.041167
0.479093,0.722492,-0.041454
0.506869,0.750707,-0.046564
0.489126,0.745812,-0.046815
0.501998,0.768843,-0.052015
0.488883,0.763834,-0.051736
0.499666,0.786845,-0.057144
0.416771,0.927291,-0.105591
0.428358,0.952681,-0.111599
0.415821,0.945454,-0.111052
0.429837,0.969230,-0.116586
0.411262,0.964026,-0.117154
0.428991,0.889966,-0.093130
0.444253,0.913175,-0.098225
0.425644,0.908045,-0.098868
0.439858,0.931339,-0.103964
0.425833,0.924972,-0.103740
0.455382,0.956361,-0.110038
0.437604,0.949992,-0.109808
0.452272,0.973556,-0.115688
0.478450,0.862591,-0.080203
0.461357,0.857549,-0.080277
0.440635,0.853310,-0.081297
0.472727,0.880505,-0.085756
0.454168,0.876454,-0.086340
0.435016,0.871162,-0.086918
0.468762,0.899316,-0.091681
0.448383,0.894571,-0.092199
0.464284,0.918094,-0.097657
0.460214,0.937245,-0.103911
0.378753,1.076661,-0.156785
0.393074,1.102255,-0.163414
0.378525,1.093910,-0.162481
0.387730,1.057065,-0.149067
0.403895,1.080664,-0.154936
0.387282,1.073671,-0.154539
0.417077,1.103672,-0.161219
0.400452,1.097322,-0.160768
0.406413,0.982795,-0.123267
0.421452,1.006379,-0.128885
0.401998,1.001224,-0.129631
0.437345,1.029493,-0.134830
0.417155,1.025136,-0.135339
0.397080,1.019894,-0.135961
0.431916,1.047303,-0.141067
0.412523,1.043247,-0.141560
0.392487,1.038501,-0.142372
0.426753,1.065912,-0.147635
0.407778,1.061776,-0.148258
0.421507,1.085108,-0.154573
0.362520,1.211270,-0.206747
0.348122,1.202970,-0.205141
0.380487,1.232575,-0.213398
0.362297,1.226136,-0.212552
0.377488,1.249813,-0.220751
0.373251,1.191064,-0.197593
0.356178,1.184494,-0.197092
0.388229,1.213146,-0.204806
0.370633,1.206377,-0.203816
0.401347,1.158902,-0.182538
0.383214,1.153726,-0.182570
0.364339,1.149180,-0.183387
0.396840,1.176830,-0.189793
0.377609,1.172213,-0.189883
0.359681,1.167258,-0.190332
0.409382,1.126740,-0.170126
0.393584,1.117086,-0.168476
0.407145,1.140088,-0.175050
0.389652,1.135293,-0.175305
0.413722,1.119400,-0.167045
0.319328,1.312346,-0.252937
0.333956,1.335107,-0.260787
0.314219,1.330833,-0.261240
0.347628,1.357777,-0.268940
0.329288,1.353300,-0.268872
0.309549,1.349258,-0.269379
0.342471,1.375678,-0.276988
0.322511,1.280864,-0.239878
0.340659,1.301824,-0.246280
0.323739,1.294194,-0.245005
0.357615,1.322585,-0.253097
0.338696,1.317555,-0.253003
0.353798,1.340218,-0.261016
0.329626,1.274398,-0.236101
0.363432,1.303435,-0.244492
0.346533,1.294728,-0.242741
0.337553,1.240731,-0.221333
0.373045,1.268390,-0.228611
0.353851,1.263252,-0.228587
0.332608,1.257388,-0.228836
0.367879,1.286694,-0.236891
0.348823,1.281056,-0.236665
0.279037,1.441875,-0.317220
0.302204,1.463975,-0.322115
0.293409,1.458293,-0.316435
0.286082,1.454811,-0.315698
0.294281,1.403532,-0.293239
0.327753,1.430822,-0.301184
0.308343,1.426050,-0.300967
0.288835,1.421443,-0.301113
0.324365,1.442868,-0.310068
0.302365,1.442251,-0.309333
0.286272,1.439605,-0.309340
0.333168,1.399902,-0.287970
0.318311,1.391262,-0.285875
0.299241,1.384907,-0.285208
0.331748,1.412139,-0.293145
0.314552,1.407958,-0.293062
0.338222,1.391260,-0.283977
0.712760,-0.408900,0.097792
0.696387,-0.411512,0.097966
0.709156,-0.391325,0.097482
0.690909,-0.391920,0.096605
0.687204,-0.372985,0.095248
0.665091,-0.355948,0.095235
0.702975,-0.369710,0.098167
0.699925,-0.347685,0.098141
0.684329,-0.353765,0.097092
0.677986,-0.334194,0.097063
0.660683,-0.337681,0.096293
0.654453,-0.319204,0.095437
0.699814,-0.327617,0.098183
0.683922,-0.326471,0.097249
0.675848,-0.312105,0.096379
0.690357,-0.287366,0.096493
0.672022,-0.293638,0.095649
0.685559,-0.268428,0.096011
0.666136,-0.273284,0.094912
0.648669,-0.279036,0.093716
0.661599,-0.254175,0.094320
0.641571,-0.259519,0.092833
0.638153,-0.238761,0.092111
0.682368,-0.248098,0.095501
0.675449,-0.232147,0.095147
0.658243,-0.234695,0.093874
0.652681,-0.216974,0.093073
0.634757,-0.218076,0.091300
0.627461,-0.200821,0.090285
0.619862,-0.185439,0.089138
0.681911,-0.223864,0.095462
0.674193,-0.208989,0.094908
0.658395,-0.208990,0.093768
0.648440,-0.193661,0.092330
0.626198,-0.178079,0.089731
0.658954,-0.150030,0.092993
0.639663,-0.153997,0.090981
0.621061,-0.160261,0.088916
0.636252,-0.134600,0.090430
0.616902,-0.139649,0.088111
0.611643,-0.119674,0.087274
0.607269,-0.101613,0.086449
0.655703,-0.129735,0.092275
0.648169,-0.112510,0.091012
0.632589,-0.114124,0.089543
0.625400,-0.096795,0.088411
0.616591,-0.082575,0.086971
0.602042,-0.081433,0.085008
0.596486,-0.063657,0.083403
0.586928,-0.049075,0.081613
0.655712,-0.106217,0.091642
0.648380,-0.089666,0.090407
0.634225,-0.090008,0.089100
0.622823,-0.074554,0.087293
0.617473,-0.056299,0.085947
0.602963,-0.056825,0.084092
0.594765,-0.040659,0.082269
0.589257,-0.022892,0.080555
0.640550,-0.071030,0.088925
0.636265,-0.051033,0.087869
0.632623,-0.031015,0.086502
0.614110,-0.036766,0.084769
0.629733,-0.011216,0.085007
0.609033,-0.016893,0.082859
0.604416,0.002143,0.081135
0.585130,-0.002969,0.078773
0.599798,0.021910,0.079136
0.579757,0.016898,0.076770
0.575683,0.036259,0.074722
0.571455,0.055874,0.072555
0.566056,0.074982,0.070349
0.624370,0.008126,0.083286
0.618649,0.025812,0.081401
0.612455,0.043884,0.079052
0.595546,0.041886,0.077108
0.590138,0.060409,0.074946
0.584065,0.078132,0.072720
0.576144,0.096758,0.070051
0.562510,0.093922,0.068233
0.557268,0.113162,0.065763
0.619613,0.049931,0.079442
0.612299,0.067261,0.077139
0.605686,0.084348,0.074932
0.591088,0.084552,0.073079
0.601183,0.104577,0.072576
0.584227,0.101306,0.070842
0.577624,0.119507,0.068299
0.549820,0.131802,0.063021
0.542637,0.149782,0.060233
0.573448,0.137931,0.066014
0.558651,0.136543,0.063979
0.552510,0.154282,0.061422
0.545585,0.172316,0.058547
0.539749,0.191956,0.055696
0.534034,0.210703,0.052919
0.593554,0.144551,0.068055
0.587953,0.162886,0.065480
0.568075,0.157811,0.063373
0.582697,0.182342,0.062822
0.564272,0.177698,0.060897
0.579154,0.202010,0.060266
0.559144,0.197088,0.058124
0.575426,0.221373,0.057740
0.555478,0.216042,0.055732
0.569801,0.240507,0.054872
0.549398,0.234999,0.052820
0.530562,0.229915,0.050247
0.545507,0.255144,0.049968
0.526206,0.248501,0.047591
0.540329,0.273260,0.047138
0.521653,0.268983,0.044534
0.536836,0.293130,0.044125
0.515553,0.287958,0.041371
0.532189,0.312181,0.041083
0.511610,0.307021,0.038484
0.507559,0.326814,0.035473
0.503761,0.345956,0.032447
0.497513,0.365052,0.028988
0.493780,0.384980,0.025923
0.489239,0.403716,0.022792
0.560236,0.279190,0.049128
0.536464,0.353495,0.035796
0.517780,0.369421,0.031217
0.544592,0.357370,0.036239
0.501473,0.426123,0.021157
0.495585,0.444861,0.017613
0.480634,0.441901,0.016277
0.490080,0.465137,0.013768
0.474502,0.460820,0.012596
0.485943,0.483556,0.010232
0.470266,0.479938,0.008940
0.479762,0.502199,0.006296
0.466381,0.499217,0.005175
0.474994,0.521842,0.002196
0.462208,0.517639,0.001353
0.469662,0.539991,-0.001790
0.456924,0.535892,-0.002656
0.524316,0.433394,0.022426
0.511148,0.428595,0.021969
0.519542,0.451461,0.019085
0.503430,0.449849,0.017810
0.513657,0.469599,0.015502
0.499094,0.466985,0.014570
0.508895,0.489773,0.011604
0.494821,0.486166,0.010765
0.504627,0.509020,0.007897
0.488541,0.504547,0.006905
0.500496,0.528103,0.004024
0.484850,0.523627,0.003079
0.496239,0.546929,0.000221
0.480358,0.542236,-0.000826
0.443214,0.594744,-0.015602
0.438874,0.613022,-0.019623
0.434480,0.632110,-0.024053
0.428948,0.651622,-0.029117
0.424534,0.669419,-0.034008
0.465700,0.560159,-0.006048
0.451942,0.556343,-0.007247
0.463042,0.579469,-0.010107
0.447600,0.575435,-0.011333
0.458740,0.598929,-0.014495
0.454858,0.617708,-0.018679
0.452106,0.637464,-0.023106
0.459514,0.660672,-0.027551
0.448482,0.656110,-0.027845
0.459003,0.679516,-0.032298
0.491906,0.566427,-0.003901
0.476628,0.562323,-0.005064
0.487588,0.585885,-0.008143
0.474097,0.582368,-0.009177
0.483459,0.604313,-0.012247
0.470015,0.600683,-0.013274
0.478013,0.623214,-0.016834
0.465642,0.616553,-0.016865
0.472725,0.642019,-0.021620
0.468900,0.660503,-0.026433
0.385572,0.800637,-0.074521
0.384693,0.819706,-0.079740
0.399862,0.762953,-0.062182
0.395113,0.781555,-0.067862
0.409019,0.805097,-0.072308
0.393891,0.799502,-0.072974
0.404905,0.823621,-0.077868
0.393459,0.816058,-0.077292
0.438614,0.693910,-0.038672
0.418592,0.687813,-0.039552
0.433695,0.711271,-0.043944
0.414897,0.706253,-0.045014
0.447500,0.735913,-0.048738
0.429604,0.730284,-0.049547
0.409566,0.725806,-0.051031
0.443820,0.754925,-0.054157
0.425201,0.749560,-0.055162
0.405058,0.744453,-0.056559
0.440121,0.773252,-0.059610
0.420008,0.767928,-0.060778
0.436293,0.791513,-0.065055
0.415107,0.786640,-0.066517
0.429967,0.810295,-0.071022
0.425293,0.829400,-0.076724
0.375883,0.855879,-0.091075
0.371619,0.874764,-0.096964
0.387617,0.899144,-0.101593
0.366876,0.893789,-0.103155
0.382953,0.917289,-0.107477
0.362378,0.912516,-0.109171
0.396914,0.940658,-0.112254
0.377639,0.935826,-0.113605
0.357825,0.930423,-0.115084
0.392107,0.959434,-0.118404
0.373553,0.954577,-0.119545
0.394765,0.844709,-0.085150
0.380718,0.837562,-0.085280
0.394961,0.861808,-0.089893
0.405306,0.885147,-0.095050
0.391790,0.880098,-0.095469
0.405054,0.903792,-0.100409
0.401779,0.921897,-0.106115
0.419975,0.847558,-0.082404
0.403510,0.841388,-0.083010
0.414739,0.865813,-0.088218
0.414258,0.883485,-0.093290
0.332601,1.022987,-0.146730
0.328071,1.041118,-0.153323
0.342897,1.065209,-0.158614
0.321900,1.059887,-0.160550
0.359576,1.088660,-0.163623
0.338468,1.083100,-0.165383
0.317699,1.078483,-0.167436
0.339041,0.969733,-0.129389
0.338811,0.985536,-0.134186
0.351017,1.010279,-0.139825
0.337346,1.004312,-0.140128
0.351922,1.028856,-0.145507
0.365482,1.052411,-0.150854
0.348037,1.047052,-0.151954
0.364124,1.069814,-0.156716
0.349819,0.967036,-0.126827
0.363132,0.991225,-0.132121
0.350247,0.985137,-0.132271
0.361415,1.009376,-0.137813
0.373586,1.033159,-0.143380
0.373782,1.049926,-0.148647
0.299271,1.151292,-0.195141
0.314207,1.175342,-0.200879
0.293214,1.169573,-0.202650
0.309188,1.193597,-0.208420
0.287708,1.188307,-0.210421
0.325187,1.216513,-0.213956
0.304212,1.211702,-0.215879
0.320008,1.235038,-0.221728
0.306122,1.115562,-0.181843
0.317904,1.139036,-0.187584
0.302580,1.132996,-0.188299
0.333435,1.166307,-0.194244
0.319133,1.158011,-0.193889
0.334564,1.181277,-0.199364
0.330647,1.199111,-0.206587
0.313710,1.096084,-0.173993
0.328485,1.120158,-0.179311
0.314476,1.112887,-0.179282
0.329193,1.137515,-0.185078
0.341463,1.161505,-0.191076
0.254893,1.318191,-0.264849
0.280470,1.347348,-0.272470
0.269028,1.339787,-0.271169
0.251963,1.334308,-0.271508
0.283924,1.361202,-0.277572
0.265430,1.357846,-0.278667
0.259958,1.296489,-0.255726
0.274879,1.319558,-0.262271
0.261632,1.310993,-0.261046
0.290267,1.342742,-0.269178
0.268316,1.260454,-0.240409
0.282545,1.283821,-0.246886
0.263033,1.279090,-0.248437
0.297771,1.306967,-0.253688
0.277551,1.301806,-0.254854
0.293038,1.325278,-0.261796
0.277251,1.225019,-0.225865
0.291824,1.248540,-0.231739
0.273454,1.241989,-0.232627
0.306700,1.271745,-0.238323
0.287691,1.265458,-0.238972
0.302495,1.289516,-0.245952
0.313442,1.252215,-0.229589
0.260384,1.375781,-0.286252
0.239759,1.370510,-0.287010
0.274747,1.398340,-0.293301
0.255457,1.393717,-0.293937
0.234472,1.388180,-0.294512
0.269286,1.416354,-0.301127
0.250370,1.411711,-0.301651
0.266404,1.427976,-0.306453
0.644407,-0.358780,0.094864
0.625090,-0.362467,0.094346
0.639988,-0.342399,0.095196
0.619761,-0.347075,0.094072
0.600107,-0.353215,0.092848
0.617266,-0.327134,0.093304
0.597126,-0.332930,0.091792
0.629958,-0.304612,0.093288
0.611080,-0.307700,0.091960
0.623804,-0.291141,0.092158
0.608191,-0.288569,0.090818
0.588846,-0.293260,0.089191
0.598288,-0.271676,0.089165
0.582781,-0.273926,0.087771
0.577016,-0.255646,0.086486
0.629634,-0.281973,0.092426
0.606233,-0.266234,0.089751
0.599207,-0.249266,0.088399
0.585394,-0.249442,0.087169
0.574843,-0.232759,0.085323
0.621954,-0.264822,0.091238
0.618792,-0.244122,0.090229
0.614541,-0.224457,0.089337
0.594284,-0.230381,0.087350
0.608635,-0.205458,0.088272
0.589565,-0.210095,0.086194
0.570284,-0.214462,0.084188
0.586092,-0.189881,0.085320
0.565259,-0.195706,0.083095
0.597526,-0.167921,0.086237
0.575148,-0.151305,0.083181
0.567151,-0.134712,0.081718
0.552683,-0.136864,0.079762
0.546504,-0.118300,0.078289
0.574506,-0.129330,0.082608
0.567710,-0.111027,0.081162
0.552808,-0.110621,0.078891
0.545063,-0.095935,0.077388
0.539464,-0.077881,0.075709
0.591479,-0.125790,0.084791
0.587646,-0.105845,0.083729
0.582639,-0.086045,0.082486
0.562991,-0.093215,0.079986
0.578691,-0.067063,0.081092
0.558586,-0.072492,0.078410
0.554186,-0.052810,0.076901
0.534489,-0.058368,0.074183
0.549472,-0.033649,0.075291
0.529252,-0.038881,0.072513
0.558344,-0.014647,0.075595
0.545563,-0.013199,0.073474
0.538296,0.004317,0.071539
0.531271,0.021949,0.069294
0.515629,0.020316,0.067150
0.512381,0.039212,0.065201
0.504739,0.057707,0.062368
0.496972,0.075002,0.059717
0.566848,-0.006349,0.076357
0.560108,0.010538,0.074330
0.546645,0.012070,0.072244
0.539936,0.027241,0.070263
0.531476,0.045263,0.067516
0.527416,0.064573,0.065164
0.513167,0.062765,0.063133
0.506895,0.080213,0.060738
0.499230,0.097948,0.058062
0.556366,0.030933,0.072295
0.551694,0.049813,0.069980
0.547423,0.069640,0.067819
0.541883,0.089547,0.065384
0.523109,0.083222,0.063103
0.538168,0.109010,0.063181
0.517757,0.103688,0.060447
0.533512,0.127547,0.060875
0.513387,0.122361,0.058192
0.510105,0.142025,0.055804
0.489803,0.136528,0.053074
0.503797,0.161194,0.052861
0.484990,0.155372,0.050499
0.499559,0.180343,0.050308
0.479663,0.175245,0.047731
0.496309,0.200201,0.047618
0.475820,0.194245,0.044986
0.472026,0.213978,0.042133
0.465391,0.233827,0.038976
0.528398,0.148531,0.058200
0.523895,0.166916,0.055575
0.517834,0.184696,0.052858
0.512215,0.202848,0.050008
0.504436,0.221887,0.046577
0.490603,0.219583,0.044506
0.498754,0.239991,0.043667
0.485500,0.238137,0.041697
0.527344,0.190300,0.053972
0.519764,0.207778,0.050801
0.514152,0.225943,0.047871
0.508332,0.244769,0.044812
0.481253,0.256717,0.038942
0.475519,0.275651,0.036029
0.468417,0.294116,0.033002
0.453213,0.291480,0.030933
0.462425,0.311361,0.030148
0.449328,0.310859,0.028354
0.444684,0.328850,0.025684
0.438178,0.347692,0.022688
0.430635,0.365990,0.019554
0.424427,0.383816,0.016549
0.502354,0.263711,0.041758
0.497128,0.282250,0.038828
0.484550,0.280773,0.036914
0.491808,0.301802,0.035800
0.477248,0.297953,0.033986
0.469343,0.317144,0.030441
0.463036,0.335393,0.027392
0.457719,0.353788,0.024672
0.444218,0.354304,0.022825
0.453678,0.373314,0.021852
0.437953,0.370619,0.020018
0.448857,0.392636,0.018914
0.431343,0.388399,0.017011
0.486471,0.320880,0.032765
0.483094,0.340633,0.029829
0.478536,0.359656,0.026871
0.474484,0.379015,0.023983
0.470199,0.397876,0.021085
0.425984,0.406664,0.013961
0.420619,0.425834,0.010587
0.415127,0.445711,0.006916
0.410760,0.464739,0.003341
0.406832,0.483207,-0.000301
0.402658,0.502561,-0.004207
0.398446,0.521918,-0.008221
0.466218,0.417428,0.017920
0.444147,0.411845,0.015798
0.460591,0.436680,0.014528
0.440499,0.431481,0.012563
0.455239,0.455210,0.010961
0.435635,0.450563,0.009026
0.450974,0.474727,0.007315
0.431909,0.470371,0.005407
0.446352,0.494969,0.003236
0.427573,0.488916,0.001611
0.441371,0.513402,-0.000696
0.422594,0.506994,-0.002149
0.436717,0.531264,-0.004588
0.417495,0.526565,-0.006435
0.394284,0.541503,-0.012296
0.388858,0.559414,-0.016275
0.383755,0.578613,-0.020400
0.379692,0.597399,-0.024320
0.374269,0.616646,-0.028746
0.369717,0.635332,-0.033229
0.384359,0.659085,-0.036600
0.366897,0.653775,-0.037898
0.432336,0.551392,-0.008908
0.413170,0.546509,-0.010729
0.428072,0.570311,-0.012988
0.407779,0.565259,-0.014863
0.423541,0.589426,-0.017074
0.402718,0.583725,-0.018908
0.418735,0.607977,-0.021187
0.398354,0.603372,-0.022997
0.414842,0.626978,-0.025315
0.393344,0.621920,-0.027167
0.409579,0.645493,-0.029978
0.388863,0.639945,-0.031527
0.404321,0.664072,-0.035200
0.346389,0.729383,-0.060797
0.340392,0.748066,-0.066830
0.355606,0.771181,-0.070836
0.336061,0.765654,-0.072223
0.351607,0.790373,-0.076644
0.331967,0.784717,-0.077920
0.366731,0.813409,-0.080675
0.347191,0.808914,-0.082392
0.327739,0.803691,-0.083840
0.355098,0.672730,-0.044400
0.355456,0.691651,-0.049266
0.365101,0.716299,-0.054499
0.350687,0.709521,-0.054813
0.364627,0.734597,-0.059505
0.375871,0.758233,-0.064242
0.361572,0.752889,-0.065015
0.374157,0.777173,-0.069705
0.370978,0.794952,-0.075109
0.381040,0.678409,-0.041934
0.365429,0.672324,-0.042625
0.375360,0.696501,-0.047598
0.389660,0.719498,-0.051945
0.375198,0.716326,-0.053032
0.385475,0.738444,-0.057626
0.384620,0.757081,-0.062676
0.384386,0.772552,-0.066966
0.307465,0.858873,-0.102657
0.307006,0.877634,-0.108022
0.316614,0.901806,-0.113325
0.303000,0.896804,-0.114071
0.316933,0.920563,-0.118715
0.328864,0.945715,-0.124037
0.313061,0.938628,-0.124568
0.316799,0.840813,-0.095892
0.332382,0.864454,-0.100315
0.316065,0.859426,-0.101442
0.327791,0.882178,-0.106049
0.342398,0.907278,-0.110785
0.327524,0.901930,-0.111670
0.338041,0.925168,-0.116617
0.336911,0.942589,-0.121805
0.360888,0.831966,-0.086741
0.341505,0.827636,-0.088490
0.322465,0.821479,-0.089532
0.356049,0.850861,-0.092788
0.336288,0.845741,-0.094369
0.351794,0.869043,-0.098540
0.347233,0.887754,-0.104528
0.267583,1.011506,-0.154594
0.268133,1.026565,-0.159283
0.279477,1.049932,-0.164847
0.264298,1.044079,-0.165663
0.292635,1.076508,-0.171238
0.279274,1.067551,-0.170657
0.279248,0.988701,-0.145471
0.275700,1.006272,-0.151571
0.289663,1.030726,-0.156726
0.303922,1.055162,-0.162046
0.289690,1.048933,-0.162560
0.301109,1.072487,-0.168414
0.308595,0.957081,-0.130736
0.288799,0.952075,-0.132642
0.303053,0.975867,-0.137313
0.283919,0.970715,-0.139128
0.318568,0.999135,-0.141748
0.298676,0.994725,-0.143784
0.313777,1.017952,-0.148459
0.293348,1.013080,-0.150456
0.308849,1.036434,-0.155153
0.230992,1.172853,-0.215857
0.245856,1.195552,-0.221147
0.225590,1.190659,-0.223302
0.240985,1.214331,-0.228824
0.220365,1.208887,-0.230685
0.236996,1.137026,-0.202196
0.249041,1.160799,-0.208225
0.234594,1.154410,-0.208600
0.262768,1.185918,-0.214338
0.251221,1.178124,-0.213798
0.263758,1.201612,-0.219759
0.259422,1.219513,-0.227127
0.244817,1.117394,-0.193848
0.245117,1.133810,-0.199323
0.258709,1.158645,-0.205527
0.271583,1.181920,-0.211262
0.274015,1.086031,-0.177734
0.253942,1.081296,-0.179851
0.269554,1.104098,-0.184673
0.249248,1.099146,-0.186715
0.284563,1.128008,-0.190021
0.264093,1.122827,-0.192013
0.279981,1.146287,-0.197195
0.259854,1.140938,-0.199087
0.274727,1.164742,-0.204603
0.200014,1.282323,-0.260999
0.215714,1.305715,-0.266773
0.194662,1.300675,-0.268649
0.231595,1.329019,-0.272627
0.212114,1.324390,-0.274352
0.192460,1.318635,-0.275621
0.225889,1.347119,-0.280424
0.206170,1.342131,-0.281845
0.210339,1.246633,-0.246034
0.223230,1.269825,-0.252141
0.205524,1.263893,-0.253244
0.237610,1.292277,-0.257798
0.219694,1.287734,-0.259333
0.236765,1.310640,-0.264816
0.217799,1.226871,-0.237615
0.230956,1.249980,-0.243415
0.244536,1.273461,-0.249545
0.247070,1.289624,-0.255072
0.197168,1.361137,-0.290410
0.180183,1.355061,-0.290958
0.212258,1.385332,-0.296699
0.196335,1.378770,-0.296810
0.177109,1.373621,-0.298105
0.212143,1.402258,-0.302962
0.191604,1.397201,-0.304200
0.207364,1.413774,-0.308240
0.205378,1.356848,-0.287471
0.218840,1.379131,-0.293477
0.585307,-0.375375,0.088556
0.566807,-0.377719,0.088697
0.577415,-0.363946,0.091012
0.562278,-0.362949,0.089657
0.555091,-0.346784,0.088334
0.537889,-0.347910,0.086590
0.583080,-0.356278,0.091445
0.562036,-0.338581,0.088683
0.571861,-0.318758,0.088687
0.568510,-0.298727,0.087442
0.548514,-0.304623,0.085698
0.563309,-0.279921,0.086041
0.543860,-0.284432,0.084199
0.524628,-0.289502,0.082408
0.539175,-0.264871,0.082890
0.519610,-0.270134,0.080811
0.535854,-0.245454,0.081669
0.515973,-0.250092,0.079624
0.510961,-0.230963,0.077995
0.506145,-0.212382,0.076487
0.559617,-0.259786,0.084909
0.568670,-0.241050,0.084872
0.554131,-0.240604,0.083340
0.546508,-0.223001,0.081841
0.530561,-0.226409,0.080114
0.524806,-0.206354,0.078554
0.554552,-0.217809,0.082586
0.545445,-0.201061,0.080907
0.517001,-0.190839,0.076896
0.501875,-0.191904,0.074840
0.496861,-0.173570,0.073303
0.524588,-0.183939,0.077643
0.516797,-0.165851,0.075875
0.495370,-0.150142,0.072217
0.489134,-0.132859,0.070492
0.541621,-0.180679,0.079668
0.537089,-0.162587,0.078434
0.532759,-0.141326,0.077034
0.513155,-0.146864,0.074486
0.528169,-0.122192,0.075716
0.508298,-0.127247,0.073013
0.503901,-0.107354,0.071594
0.483594,-0.112942,0.068847
0.499533,-0.089284,0.070264
0.479709,-0.094295,0.067524
0.475423,-0.074056,0.065922
0.470180,-0.054502,0.064200
0.536844,-0.102064,0.076230
0.523335,-0.102685,0.074270
0.516524,-0.083806,0.072547
0.508856,-0.068803,0.070701
0.494460,-0.068959,0.068620
0.488773,-0.051389,0.067032
0.525154,-0.078899,0.073604
0.517082,-0.061678,0.071685
0.510361,-0.044017,0.069955
0.480907,-0.034340,0.065034
0.466762,-0.035332,0.062879
0.460315,-0.016030,0.060967
0.496823,-0.043667,0.067974
0.487450,-0.027326,0.065702
0.481159,-0.009520,0.063788
0.460946,0.006756,0.059944
0.453679,0.023594,0.057660
0.447511,0.042796,0.055288
0.505184,-0.024424,0.068093
0.501553,-0.004764,0.066587
0.497079,0.014475,0.064767
0.477462,0.009381,0.062204
0.491538,0.034534,0.062463
0.472136,0.029497,0.059930
0.487794,0.053977,0.060257
0.467612,0.048299,0.057770
0.463954,0.068118,0.055539
0.444299,0.062687,0.053095
0.457992,0.087105,0.052803
0.438595,0.082283,0.050382
0.455119,0.107080,0.050547
0.434664,0.101287,0.047893
0.430780,0.119879,0.045547
0.424592,0.140198,0.042677
0.421699,0.159629,0.040229
0.415791,0.178978,0.037309
0.472191,0.110056,0.052914
0.464171,0.128975,0.049821
0.449071,0.126231,0.047710
0.458388,0.145640,0.047291
0.444915,0.145565,0.045279
0.440389,0.163646,0.042726
0.431812,0.182990,0.039364
0.426349,0.200378,0.036398
0.411436,0.197799,0.034379
0.420570,0.219302,0.033265
0.408333,0.217715,0.031462
0.480507,0.114213,0.053862
0.473632,0.132944,0.050955
0.466923,0.151683,0.048178
0.461452,0.169674,0.045491
0.448890,0.169724,0.043509
0.455210,0.189561,0.042237
0.441594,0.186920,0.040426
0.435650,0.205165,0.037377
0.429893,0.223217,0.034367
0.401799,0.236354,0.028401
0.395541,0.253979,0.025574
0.421773,0.242091,0.030978
0.417239,0.261105,0.028454
0.404162,0.259682,0.026445
0.397916,0.277110,0.023776
0.391746,0.295144,0.021039
0.384714,0.313568,0.018158
0.380793,0.333471,0.015482
0.440924,0.246724,0.033728
0.437188,0.265945,0.031151
0.432942,0.285503,0.028539
0.412678,0.280272,0.025820
0.428839,0.305107,0.025991
0.409113,0.299801,0.023343
0.424779,0.324642,0.023291
0.404783,0.318838,0.020823
0.420040,0.344347,0.020391
0.399927,0.338430,0.018095
0.396322,0.357901,0.015352
0.375920,0.352719,0.012776
0.391385,0.377161,0.012514
0.371616,0.371953,0.010113
0.387003,0.396744,0.009632
0.367192,0.391147,0.007210
0.382307,0.415856,0.006379
0.362570,0.411165,0.004040
0.378015,0.434636,0.003089
0.358338,0.429797,0.000893
0.373226,0.453976,-0.000379
0.353988,0.448500,-0.002322
0.367329,0.472777,-0.004140
0.349129,0.467753,-0.005969
0.362040,0.491988,-0.008004
0.343960,0.486088,-0.009619
0.356627,0.511197,-0.012010
0.337451,0.506095,-0.013807
0.406786,0.402359,0.011867
0.401064,0.420891,0.008496
0.393888,0.439058,0.004765
0.388938,0.459097,0.001109
0.383649,0.478175,-0.002735
0.378216,0.496544,-0.006482
0.373281,0.515794,-0.010507
0.411163,0.422645,0.009765
0.403143,0.442161,0.005781
0.398534,0.460686,0.002213
0.393900,0.479593,-0.001472
0.388157,0.499712,-0.005712
0.383626,0.518329,-0.009488
0.352663,0.529901,-0.015816
0.333074,0.524929,-0.017649
0.348366,0.548098,-0.019584
0.328018,0.542750,-0.021412
0.343787,0.567701,-0.023826
0.323788,0.562251,-0.025469
0.339214,0.586325,-0.027822
0.318799,0.581065,-0.029639
0.334173,0.606093,-0.032357
0.314321,0.601182,-0.034112
0.330270,0.625129,-0.036732
0.309036,0.620111,-0.038673
0.326102,0.643813,-0.041824
0.306060,0.638014,-0.043426
0.369600,0.533845,-0.014205
0.364822,0.552421,-0.018111
0.360132,0.572178,-0.022326
0.356633,0.591819,-0.026418
0.353036,0.611106,-0.030720
0.349496,0.630949,-0.035184
0.357344,0.657178,-0.040194
0.346234,0.648840,-0.039863
0.379560,0.537301,-0.013451
0.375276,0.555152,-0.017253
0.370529,0.575007,-0.021462
0.366872,0.592833,-0.025164
0.363312,0.614124,-0.029827
0.276157,0.750622,-0.077220
0.285865,0.775776,-0.082243
0.272912,0.769645,-0.082784
0.286149,0.794229,-0.087319
0.268569,0.788601,-0.088517
0.290432,0.694633,-0.060598
0.287409,0.712554,-0.065651
0.302066,0.737788,-0.069867
0.287272,0.732492,-0.070822
0.298255,0.756534,-0.075363
0.286376,0.749707,-0.075366
0.296103,0.774519,-0.080453
0.306840,0.798429,-0.085444
0.294804,0.789044,-0.084542
0.321585,0.662964,-0.047329
0.301864,0.657356,-0.049149
0.334837,0.685830,-0.051065
0.315740,0.681411,-0.053024
0.297528,0.676353,-0.054811
0.331383,0.705436,-0.056768
0.310279,0.699384,-0.058571
0.326957,0.723952,-0.062259
0.306801,0.718674,-0.064078
0.321584,0.742120,-0.068039
0.316852,0.761353,-0.073851
0.312623,0.780164,-0.079529
0.232392,0.919477,-0.132387
0.244105,0.880670,-0.119155
0.240446,0.898612,-0.124839
0.253123,0.922821,-0.129951
0.239916,0.914044,-0.129453
0.264185,0.806918,-0.094381
0.277469,0.830900,-0.099172
0.259256,0.825157,-0.100480
0.272487,0.849170,-0.105394
0.253176,0.844304,-0.107028
0.288819,0.872596,-0.109456
0.267192,0.867542,-0.111605
0.248534,0.862673,-0.113108
0.283825,0.891170,-0.115553
0.262747,0.886174,-0.117654
0.279090,0.910162,-0.121877
0.257955,0.904576,-0.123676
0.274204,0.928946,-0.128112
0.294760,0.816695,-0.092454
0.282603,0.811995,-0.092877
0.295732,0.836390,-0.097885
0.292980,0.854641,-0.103623
0.305268,0.817232,-0.090971
0.305663,0.833748,-0.095494
0.224576,0.955277,-0.144842
0.219723,0.973918,-0.151555
0.234014,0.996244,-0.156012
0.214990,0.992197,-0.158110
0.230286,1.015661,-0.162663
0.211257,1.010671,-0.164527
0.244467,1.038899,-0.167581
0.225295,1.034088,-0.169488
0.239966,1.057207,-0.174430
0.242061,0.941914,-0.137596
0.229102,0.936686,-0.138253
0.242686,0.959839,-0.143031
0.255037,0.984596,-0.148597
0.238812,0.978037,-0.149449
0.255013,1.002742,-0.154318
0.249521,1.021405,-0.161046
0.252546,0.941293,-0.135588
0.265629,0.965023,-0.140571
0.265203,0.983241,-0.146419
0.168940,1.158490,-0.222576
0.179844,1.181344,-0.228500
0.165278,1.175394,-0.229182
0.182212,1.198723,-0.234225
0.176963,1.138316,-0.213932
0.176452,1.153093,-0.219311
0.190421,1.179408,-0.225894
0.202060,1.201836,-0.231525
0.190651,1.083989,-0.192686
0.185247,1.101980,-0.199825
0.201419,1.126295,-0.205082
0.180662,1.119810,-0.206782
0.216278,1.149311,-0.210406
0.196580,1.144392,-0.212492
0.210594,1.167401,-0.217824
0.190626,1.162097,-0.219756
0.205755,1.185469,-0.225228
0.210943,1.072734,-0.185108
0.195871,1.065130,-0.185258
0.221288,1.097918,-0.191535
0.209380,1.089476,-0.190878
0.223542,1.112699,-0.196268
0.205607,1.107594,-0.197808
0.221557,1.130846,-0.203002
0.218574,1.068708,-0.182293
0.231240,1.092724,-0.187890
0.232953,1.109125,-0.193085
0.139989,1.267405,-0.266376
0.154956,1.290419,-0.272145
0.138102,1.285149,-0.273260
0.168623,1.313866,-0.278110
0.150629,1.308415,-0.279278
0.167428,1.331885,-0.284751
0.147310,1.247455,-0.257892
0.150479,1.262943,-0.262904
0.163532,1.287007,-0.269246
0.177754,1.311737,-0.275722
0.157011,1.211473,-0.243115
0.170467,1.235013,-0.249131
0.151827,1.230509,-0.250916
0.187521,1.259180,-0.254900
0.166436,1.253391,-0.256603
0.181052,1.277077,-0.262550
0.163528,1.271700,-0.263770
0.176229,1.294383,-0.269712
0.124521,1.385882,-0.310866
0.112700,1.376521,-0.309657
0.126383,1.395769,-0.314917
0.107633,1.391439,-0.316963
0.120191,1.356919,-0.301781
0.160801,1.350092,-0.292479
0.141701,1.344937,-0.293911
0.122829,1.339436,-0.295181
0.157270,1.368049,-0.299372
0.137023,1.363349,-0.301068
0.151843,1.386379,-0.306658
0.133797,1.380638,-0.307597
0.146872,1.399464,-0.312226
0.527954,-0.386331,0.085708
0.522291,-0.374046,0.085829
0.502529,-0.378750,0.083676
0.518452,-0.353688,0.084768
0.497935,-0.359163,0.082521
0.513019,-0.334183,0.083209
0.523466,-0.311652,0.083319
0.508863,-0.315129,0.081959
0.503255,-0.296377,0.080453
0.484922,-0.300563,0.078528
0.494567,-0.279958,0.078503
0.480436,-0.280474,0.076835
0.473329,-0.262705,0.074847
0.456162,-0.266881,0.072706
0.466693,-0.248526,0.073161
0.511450,-0.289528,0.080935
0.501953,-0.273173,0.078956
0.480333,-0.255287,0.075470
0.473448,-0.240746,0.073715
0.452877,-0.220119,0.069515
0.482648,-0.197386,0.072483
0.462292,-0.201698,0.069892
0.477379,-0.176805,0.070632
0.458351,-0.183360,0.068376
0.438329,-0.188121,0.065875
0.453415,-0.163429,0.066613
0.448143,-0.143007,0.064791
0.429418,-0.149543,0.062772
0.424740,-0.128658,0.061063
0.420395,-0.110217,0.059467
0.488233,-0.155561,0.071233
0.474059,-0.158695,0.069361
0.467214,-0.139663,0.067357
0.459383,-0.122074,0.065449
0.444732,-0.124609,0.063502
0.438957,-0.104632,0.061708
0.430896,-0.088624,0.059797
0.475264,-0.131829,0.068364
0.468365,-0.117385,0.066622
0.459636,-0.098928,0.064468
0.439576,-0.081865,0.060671
0.430631,-0.064943,0.058591
0.446765,-0.040621,0.060050
0.426231,-0.045891,0.057153
0.442088,-0.021065,0.058398
0.422965,-0.026163,0.055662
0.416757,-0.006867,0.053725
0.413664,0.012920,0.052173
0.393487,0.007453,0.049396
0.389129,0.026947,0.047420
0.380298,0.066378,0.042990
0.451978,0.001161,0.058878
0.436450,-0.001350,0.056616
0.432781,0.017593,0.054935
0.425258,0.037103,0.052410
0.408759,0.032794,0.050095
0.417325,0.053957,0.049773
0.403475,0.051917,0.047846
0.399775,0.070714,0.045745
0.434278,0.039732,0.053620
0.426822,0.058407,0.050845
0.420286,0.076315,0.048151
0.391508,0.088710,0.042738
0.385832,0.106933,0.040124
0.371734,0.104878,0.038167
0.377885,0.124110,0.037201
0.414520,0.095853,0.045327
0.400719,0.093686,0.043623
0.394610,0.111713,0.041084
0.386584,0.129842,0.037997
0.381682,0.148615,0.035235
0.369649,0.146530,0.033646
0.363410,0.164141,0.030819
0.355495,0.183667,0.027308
0.350052,0.202626,0.024296
0.411508,0.115196,0.043207
0.404715,0.134481,0.040241
0.401617,0.153746,0.037726
0.397144,0.173222,0.034954
0.377338,0.167716,0.032488
0.391627,0.192198,0.031833
0.371901,0.186745,0.029394
0.388469,0.212057,0.029023
0.368826,0.206490,0.026594
0.382295,0.230694,0.025910
0.361930,0.225265,0.023475
0.377578,0.250435,0.023068
0.358127,0.245153,0.020627
0.354214,0.264422,0.017799
0.335045,0.258845,0.015493
0.350792,0.284065,0.015255
0.330401,0.278536,0.012559
0.345791,0.303913,0.012569
0.325248,0.297350,0.009758
0.340479,0.322641,0.009778
0.389031,0.272725,0.022697
0.373647,0.270021,0.020430
0.382591,0.291379,0.019764
0.369824,0.289425,0.017932
0.364527,0.307840,0.015420
0.358498,0.327026,0.012427
0.351319,0.345207,0.009485
0.335836,0.341218,0.007248
0.331228,0.360777,0.004509
0.367131,0.331114,0.013487
0.360269,0.349106,0.010601
0.353335,0.367347,0.007707
0.326322,0.379965,0.001582
0.319385,0.398782,-0.001651
0.313070,0.416566,-0.004783
0.307686,0.436307,-0.008276
0.301208,0.455339,-0.011962
0.295873,0.472592,-0.015065
0.289623,0.492975,-0.018755
0.347664,0.385827,0.004688
0.343301,0.405257,0.001642
0.329844,0.403542,-0.000322
0.338253,0.424636,-0.001583
0.323803,0.421403,-0.003516
0.318270,0.440458,-0.006958
0.311914,0.459181,-0.010594
0.305948,0.477819,-0.014096
0.300917,0.495445,-0.017398
0.285760,0.508846,-0.021801
0.256422,0.585700,-0.038794
0.251919,0.604879,-0.043610
0.260490,0.628056,-0.047848
0.295665,0.514543,-0.021163
0.291368,0.533441,-0.024701
0.280185,0.530098,-0.025715
0.286822,0.553419,-0.028630
0.274969,0.550182,-0.029639
0.282017,0.572747,-0.032745
0.270180,0.569393,-0.033719
0.277465,0.591470,-0.036968
0.266145,0.585785,-0.037367
0.273300,0.609682,-0.041330
0.285294,0.633639,-0.045475
0.270455,0.628421,-0.046300
0.314429,0.519755,-0.019321
0.309531,0.537810,-0.022965
0.305499,0.558711,-0.027104
0.300044,0.577829,-0.031385
0.295788,0.596795,-0.035639
0.290653,0.615551,-0.040165
0.238238,0.660990,-0.060228
0.233360,0.679853,-0.066015
0.246234,0.702520,-0.069793
0.241955,0.721353,-0.075475
0.257373,0.745535,-0.079128
0.237761,0.740363,-0.081162
0.252670,0.764269,-0.084809
0.232663,0.759536,-0.087090
0.248487,0.783038,-0.090404
0.228598,0.777748,-0.092545
0.260865,0.646854,-0.052769
0.270373,0.672176,-0.058026
0.258184,0.665857,-0.058359
0.269850,0.690891,-0.062925
0.252838,0.684665,-0.064103
0.277817,0.715272,-0.067937
0.265650,0.707908,-0.068021
0.276782,0.731543,-0.072281
0.262092,0.726589,-0.073411
0.281704,0.653031,-0.051221
0.280122,0.670752,-0.056093
0.278750,0.685854,-0.060238
0.199365,0.809593,-0.106410
0.210142,0.833709,-0.111074
0.194760,0.827962,-0.112139
0.209328,0.852397,-0.116478
0.221479,0.876770,-0.121694
0.204845,0.870656,-0.122596
0.232672,0.904140,-0.127842
0.220233,0.894681,-0.127062
0.215685,0.912732,-0.133238
0.223842,0.796131,-0.098343
0.210608,0.791990,-0.099548
0.219941,0.814625,-0.104050
0.234500,0.838797,-0.108491
0.220166,0.833065,-0.109210
0.231027,0.857985,-0.114534
0.231410,0.875792,-0.119778
0.171749,0.967327,-0.158282
0.171895,0.982580,-0.162761
0.183243,1.006595,-0.168246
0.169654,0.999555,-0.168435
0.183550,1.023675,-0.173544
0.166213,1.018298,-0.175045
0.179385,1.042030,-0.180303
0.169355,0.938544,-0.149639
0.181552,0.962431,-0.154847
0.181996,0.980337,-0.160290
0.193057,1.004411,-0.165854
0.210536,0.931601,-0.139971
0.189983,0.926237,-0.142030
0.205870,0.950255,-0.146679
0.185274,0.944498,-0.148555
0.200498,0.968603,-0.153360
0.195637,0.986770,-0.159815
0.116979,1.122796,-0.220497
0.131812,1.146738,-0.225650
0.112718,1.141832,-0.227601
0.146780,1.169723,-0.230523
0.127341,1.165462,-0.232811
0.141604,1.188482,-0.237894
0.121943,1.183417,-0.239830
0.140888,1.092399,-0.205398
0.153656,1.118700,-0.211855
0.141418,1.109810,-0.211256
0.154986,1.134545,-0.216804
0.135886,1.127973,-0.218473
0.151374,1.152108,-0.223664
0.138130,1.066246,-0.196728
0.151215,1.091166,-0.202968
0.163018,1.115191,-0.208655
0.165403,1.130964,-0.213734
0.175945,1.059762,-0.187040
0.157017,1.055681,-0.189246
0.137409,1.049666,-0.191144
0.171275,1.078460,-0.194421
0.152523,1.073835,-0.196465
0.166190,1.096960,-0.201939
0.088127,1.232720,-0.263737
0.102927,1.255932,-0.269154
0.082784,1.251823,-0.271532
0.117656,1.279969,-0.274838
0.097468,1.274677,-0.276754
0.079475,1.268465,-0.278010
0.113167,1.297991,-0.282172
0.093968,1.292007,-0.283597
0.107201,1.315576,-0.289582
0.111337,1.202576,-0.248450
0.123888,1.227869,-0.255260
0.111525,1.220061,-0.254736
0.138821,1.253192,-0.261541
0.127120,1.243851,-0.260306
0.107898,1.238214,-0.261937
0.121458,1.261394,-0.267515
0.120028,1.200078,-0.245983
0.134485,1.223852,-0.251662
0.058468,1.342503,-0.307976
0.072706,1.366334,-0.313339
0.088341,1.386356,-0.318317
0.068800,1.381506,-0.319508
0.050649,1.376260,-0.320734
0.098683,1.335395,-0.298102
0.082302,1.329615,-0.299063
0.111502,1.360242,-0.304352
0.096901,1.352917,-0.304382
0.078387,1.347514,-0.306061
0.093625,1.370975,-0.311155
0.108212,1.332774,-0.295493
0.450817,-0.351390,0.076187
0.434730,-0.356022,0.073908
0.429759,-0.336769,0.072317
0.422410,-0.318198,0.070343
0.415079,-0.300555,0.068244
0.458749,-0.345527,0.077151
0.450793,-0.329857,0.075270
0.430183,-0.311841,0.071370
0.422757,-0.295281,0.069326
0.403159,-0.278077,0.065108
0.396162,-0.261063,0.062843
0.473746,-0.345787,0.079076
0.445544,-0.310860,0.073670
0.460742,-0.286826,0.074586
0.441171,-0.290834,0.071994
0.436006,-0.271590,0.070047
0.416573,-0.277313,0.067220
0.431702,-0.251818,0.068291
0.412349,-0.257601,0.065311
0.407906,-0.238303,0.063796
0.423171,-0.213144,0.064972
0.416347,-0.194160,0.063151
0.398350,-0.198899,0.060528
0.409350,-0.178726,0.061515
0.394638,-0.179266,0.059074
0.388136,-0.160976,0.057289
0.380894,-0.142775,0.055230
0.423593,-0.186638,0.063927
0.417020,-0.172387,0.062194
0.394934,-0.151926,0.058064
0.389664,-0.137904,0.056466
0.381234,-0.120605,0.054367
0.361084,-0.104389,0.050578
0.433007,-0.168037,0.064263
0.409384,-0.154727,0.060408
0.405246,-0.134521,0.058626
0.400885,-0.115277,0.057041
0.395143,-0.095662,0.055443
0.376126,-0.100778,0.052765
0.392210,-0.075784,0.053998
0.371809,-0.081167,0.051377
0.402026,-0.053323,0.054152
0.386859,-0.056273,0.052328
0.381742,-0.037653,0.050706
0.373946,-0.019095,0.048359
0.358744,-0.022578,0.046310
0.367677,-0.004834,0.046363
0.354049,-0.003035,0.044231
0.347667,0.015236,0.041754
0.339852,0.032553,0.039278
0.332952,0.049138,0.036708
0.382643,-0.015488,0.049329
0.375053,0.003279,0.046796
0.369033,0.021275,0.044605
0.355754,0.019859,0.042608
0.348454,0.038003,0.040233
0.341281,0.055974,0.037589
0.374566,0.085061,0.040433
0.355091,0.079560,0.037847
0.335677,0.074288,0.035178
0.351991,0.099989,0.035542
0.332168,0.094932,0.032811
0.346160,0.118553,0.032888
0.326400,0.112925,0.030258
0.342562,0.138310,0.030381
0.322293,0.133681,0.027524
0.317096,0.151935,0.024712
0.313864,0.171593,0.022069
0.308225,0.189681,0.019210
0.365583,0.123381,0.035385
0.360502,0.142446,0.032720
0.353512,0.161372,0.029499
0.336988,0.156634,0.027491
0.346703,0.179351,0.026378
0.332646,0.176885,0.024520
0.340825,0.198167,0.023440
0.328944,0.196201,0.021722
0.322834,0.214454,0.018673
0.317144,0.232998,0.015701
0.309663,0.252636,0.012106
0.294542,0.247498,0.010376
0.303337,0.270239,0.009329
0.289813,0.267455,0.007473
0.286121,0.287127,0.004687
0.280652,0.305099,0.001716
0.272788,0.323777,-0.001564
0.266159,0.342655,-0.004830
0.342492,0.220784,0.021091
0.338598,0.239884,0.018271
0.325526,0.238085,0.016562
0.320335,0.255399,0.013596
0.312845,0.273819,0.010340
0.305498,0.293239,0.007007
0.300568,0.311458,0.004214
0.289095,0.311561,0.002275
0.282926,0.328891,-0.000441
0.276345,0.346962,-0.003592
0.319559,0.316887,0.006785
0.315593,0.336145,0.004188
0.296718,0.330814,0.001531
0.310859,0.355558,0.001400
0.292270,0.350883,-0.001366
0.260069,0.361041,-0.007941
0.270279,0.365257,-0.006625
0.264078,0.384029,-0.009844
0.258545,0.402439,-0.012803
0.245182,0.401913,-0.014897
0.239320,0.419200,-0.017901
0.232868,0.438058,-0.021197
0.306176,0.374593,-0.001456
0.287750,0.370553,-0.004235
0.301967,0.393839,-0.004302
0.283736,0.389395,-0.007078
0.297389,0.412942,-0.007257
0.278480,0.407918,-0.010102
0.274404,0.427931,-0.013088
0.254021,0.421377,-0.015639
0.269245,0.446203,-0.016138
0.249172,0.440925,-0.018801
0.264350,0.466109,-0.019297
0.245245,0.459942,-0.021549
0.259369,0.485299,-0.022559
0.240943,0.479515,-0.024685
0.254546,0.503532,-0.025736
0.235724,0.498686,-0.027881
0.249756,0.522291,-0.029006
0.230778,0.516988,-0.031122
0.245754,0.542372,-0.032612
0.225511,0.536485,-0.034744
0.241272,0.561142,-0.036377
0.220717,0.555203,-0.038611
0.236566,0.580601,-0.040803
0.216070,0.574454,-0.043003
0.231058,0.599080,-0.045740
0.211436,0.594284,-0.048020
0.226669,0.617700,-0.050976
0.207601,0.613380,-0.053303
0.273588,0.508431,-0.023579
0.268812,0.526924,-0.026846
0.264848,0.547037,-0.030542
0.260369,0.566617,-0.034503
0.245626,0.623745,-0.049217
0.185306,0.670903,-0.072170
0.184676,0.687774,-0.076806
0.183785,0.706491,-0.081981
0.193801,0.730320,-0.086620
0.179381,0.725235,-0.087877
0.193244,0.749141,-0.091686
0.190248,0.767520,-0.097197
0.187901,0.625961,-0.059996
0.197934,0.650522,-0.064495
0.185836,0.643219,-0.064786
0.194389,0.668165,-0.069697
0.206977,0.692657,-0.073931
0.194319,0.686847,-0.074744
0.203569,0.711282,-0.079572
0.203484,0.729882,-0.084668
0.202623,0.746133,-0.089119
0.241834,0.642406,-0.054739
0.222465,0.637026,-0.056553
0.203511,0.632246,-0.058685
0.219275,0.656121,-0.062142
0.212738,0.673922,-0.067929
0.226654,0.697591,-0.071755
0.222282,0.716642,-0.077612
0.217851,0.734985,-0.083357
0.138248,0.857511,-0.131298
0.137871,0.873991,-0.136053
0.148291,0.899800,-0.141493
0.135764,0.891950,-0.141683
0.139850,0.813633,-0.119248
0.139096,0.830293,-0.123791
0.147723,0.854574,-0.128617
0.147223,0.872642,-0.133683
0.157162,0.895988,-0.138735
0.164326,0.780559,-0.105677
0.180027,0.804761,-0.108902
0.159419,0.799351,-0.111559
0.175520,0.822584,-0.114359
0.155368,0.817523,-0.117035
0.170235,0.841791,-0.120519
0.151116,0.836372,-0.122946
0.184680,0.865396,-0.124675
0.165126,0.860204,-0.126648
0.160207,0.878731,-0.132959
0.174986,0.902459,-0.137437
0.103306,1.003932,-0.183068
0.115203,1.029607,-0.189080
0.102019,1.021167,-0.188859
0.101246,0.977159,-0.174643
0.112468,1.002777,-0.180658
0.124243,1.025546,-0.185803
0.125014,1.040539,-0.190653
0.125292,0.929101,-0.154989
0.139879,0.952097,-0.159322
0.120168,0.946871,-0.161493
0.134831,0.970747,-0.165954
0.115529,0.965404,-0.168193
0.132826,0.989646,-0.172227
0.112895,0.984233,-0.174618
0.127442,1.008238,-0.179386
0.147971,0.916202,-0.146580
0.130597,0.910494,-0.148292
0.159583,0.940561,-0.152020
0.145264,0.934104,-0.152755
0.159349,0.957777,-0.157362
0.154405,0.975894,-0.163859
0.170004,0.920505,-0.143878
0.157875,0.912473,-0.143642
0.072789,1.114080,-0.226272
0.084386,1.138583,-0.232025
0.071746,1.130158,-0.231796
0.085565,1.154355,-0.237113
0.068197,1.149459,-0.238972
0.083592,1.173057,-0.243862
0.070987,1.087237,-0.217551
0.082324,1.111309,-0.223350
0.094674,1.135023,-0.228852
0.091564,1.057264,-0.203251
0.106314,1.080707,-0.208375
0.086068,1.075141,-0.210441
0.120807,1.104209,-0.213550
0.101511,1.099116,-0.215611
0.083489,1.094649,-0.217559
0.097765,1.118265,-0.222749
0.107177,1.159264,-0.234450
0.115547,1.045055,-0.194178
0.096869,1.039154,-0.196002
0.128544,1.068966,-0.199751
0.111555,1.062353,-0.200989
0.126563,1.086338,-0.206229
0.043981,1.223245,-0.269741
0.056641,1.247270,-0.275353
0.043341,1.241064,-0.276037
0.070517,1.271852,-0.281024
0.058377,1.264515,-0.281069
0.038671,1.258904,-0.283322
0.071745,1.289488,-0.286983
0.053726,1.281733,-0.288002
0.042314,1.196341,-0.260703
0.053936,1.220211,-0.266661
0.066059,1.244669,-0.272431
0.077560,1.190895,-0.251250
0.057036,1.185130,-0.253549
0.072723,1.209110,-0.258644
0.054689,1.204202,-0.260782
0.068503,1.228189,-0.266252
0.016946,1.332307,-0.312648
0.028234,1.356577,-0.318200
0.013908,1.350725,-0.319079
0.028617,1.372249,-0.323779
0.009426,1.367219,-0.325840
0.026295,1.329019,-0.309652
0.062969,1.324394,-0.300977
0.043705,1.318532,-0.302737
0.024990,1.313392,-0.304839
0.038897,1.337954,-0.310115
0.052781,1.361285,-0.315354
0.038028,1.354627,-0.315895
0.425374,-0.416757,0.067821
0.402465,-0.406186,0.070025
0.383662,-0.410477,0.066974
0.394884,-0.388764,0.068183
0.379379,-0.391451,0.065533
0.409995,-0.397151,0.071296
0.402827,-0.382348,0.069380
0.375180,-0.372590,0.064092
0.366835,-0.354851,0.061946
0.360606,-0.340067,0.060511
0.375844,-0.350003,0.063468
0.347397,-0.312992,0.057147
0.414884,-0.360931,0.070847
0.394862,-0.366044,0.067464
0.409636,-0.341241,0.069239
0.390374,-0.346398,0.066016
0.385579,-0.327350,0.064342
0.367514,-0.331704,0.061260
0.381451,-0.307647,0.062681
0.361835,-0.313453,0.059582
0.357697,-0.293184,0.057893
0.352687,-0.274343,0.056066
0.347972,-0.253827,0.054139
0.405649,-0.321921,0.067690
0.401468,-0.301961,0.065942
0.395471,-0.284550,0.064062
0.377333,-0.288794,0.061134
0.387706,-0.267046,0.061652
0.372690,-0.269130,0.059219
0.367700,-0.249171,0.057338
0.360558,-0.231512,0.055449
0.343841,-0.235128,0.052768
0.352672,-0.214773,0.053382
0.339030,-0.215368,0.051065
0.332847,-0.197636,0.049395
0.324968,-0.181126,0.047444
0.369096,-0.226003,0.056644
0.360190,-0.208449,0.054435
0.340542,-0.191283,0.050538
0.332837,-0.174355,0.048399
0.383244,-0.223971,0.058937
0.379271,-0.204908,0.057476
0.374896,-0.185450,0.055973
0.354961,-0.189585,0.052755
0.369467,-0.165402,0.054297
0.349535,-0.170387,0.051079
0.345869,-0.151045,0.049625
0.325947,-0.156911,0.046453
0.341382,-0.130773,0.048077
0.321408,-0.136648,0.044732
0.316635,-0.117660,0.043360
0.312798,-0.097122,0.042107
0.366091,-0.146251,0.052964
0.360571,-0.127193,0.051325
0.351669,-0.108342,0.049227
0.336421,-0.112258,0.046700
0.332599,-0.092878,0.045457
0.352709,-0.086554,0.048639
0.323773,-0.075357,0.043492
0.307704,-0.078016,0.040795
0.318201,-0.060595,0.041682
0.303220,-0.057975,0.039201
0.297306,-0.040519,0.037416
0.288594,-0.021944,0.034784
0.332803,-0.070644,0.044766
0.324861,-0.051796,0.042481
0.304473,-0.033686,0.038315
0.298068,-0.018053,0.036110
0.277897,0.001775,0.031580
0.347534,-0.066988,0.046954
0.343566,-0.047417,0.045401
0.338394,-0.028204,0.043562
0.318827,-0.034465,0.040571
0.334507,-0.008407,0.041618
0.314530,-0.013587,0.038581
0.309507,0.004954,0.036553
0.290667,0.000639,0.033827
0.306164,0.025325,0.034471
0.285318,0.019053,0.031570
0.300628,0.043645,0.031808
0.281469,0.039309,0.029002
0.296480,0.063883,0.029399
0.276341,0.058019,0.026550
0.272099,0.077758,0.024463
0.267443,0.096700,0.022091
0.263137,0.116664,0.019631
0.314910,0.067796,0.032359
0.306940,0.085081,0.029537
0.291522,0.083159,0.027180
0.301156,0.101134,0.027199
0.287497,0.102832,0.024798
0.282008,0.120833,0.022233
0.274642,0.140180,0.019129
0.258597,0.135355,0.017129
0.268082,0.157848,0.016311
0.254137,0.154802,0.014476
0.249328,0.174649,0.011794
0.308652,0.108464,0.027753
0.302324,0.126811,0.024970
0.284421,0.144177,0.020259
0.277346,0.161549,0.017434
0.270349,0.180360,0.014268
0.243720,0.192947,0.009078
0.237556,0.211635,0.006125
0.229257,0.230178,0.002826
0.223498,0.246828,0.000079
0.264566,0.198779,0.011357
0.246199,0.216220,0.006798
0.239359,0.234031,0.003701
0.231403,0.252796,0.000434
0.226814,0.271230,-0.002306
0.215214,0.271123,-0.003958
0.221815,0.290403,-0.005407
0.209847,0.286298,-0.006609
0.284601,0.205115,0.013730
0.279634,0.223644,0.010784
0.259575,0.217968,0.008453
0.274636,0.242939,0.007873
0.255790,0.237702,0.005589
0.271197,0.262463,0.005106
0.250850,0.256744,0.002654
0.265809,0.281731,0.002121
0.245565,0.275898,-0.000255
0.261623,0.300368,-0.000657
0.241526,0.295401,-0.003163
0.237532,0.314980,-0.006014
0.217270,0.309719,-0.008570
0.232288,0.334343,-0.009248
0.212866,0.328799,-0.011656
0.227735,0.353320,-0.012348
0.207702,0.347697,-0.014779
0.203815,0.367034,-0.017733
0.199099,0.386452,-0.020920
0.194584,0.405852,-0.023897
0.189892,0.424934,-0.026957
0.185049,0.444832,-0.029861
0.180828,0.464642,-0.032877
0.247814,0.357923,-0.009558
0.243666,0.377562,-0.012543
0.237286,0.396529,-0.015707
0.230826,0.415697,-0.018896
0.214353,0.411010,-0.021181
0.224815,0.433762,-0.022079
0.209151,0.429915,-0.024256
0.217869,0.451532,-0.025139
0.204639,0.449258,-0.027025
0.200426,0.469129,-0.030075
0.227043,0.456894,-0.024126
0.221033,0.474971,-0.027217
0.194855,0.487786,-0.033108
0.188917,0.505667,-0.036401
0.182446,0.524900,-0.040123
0.167399,0.521475,-0.042202
0.176884,0.544750,-0.044224
0.162333,0.540634,-0.046031
0.173316,0.563949,-0.048228
0.157534,0.559176,-0.050008
0.170727,0.583111,-0.052741
0.178624,0.607310,-0.057123
0.167233,0.601604,-0.057937
0.215522,0.493428,-0.030453
0.211403,0.511344,-0.033328
0.198542,0.509929,-0.035218
0.192632,0.529061,-0.039024
0.187443,0.548159,-0.042999
0.184547,0.565620,-0.046664
0.192751,0.588988,-0.050216
0.181734,0.581735,-0.050515
0.189370,0.607667,-0.055180
0.112619,0.708690,-0.096425
0.111926,0.727969,-0.101806
0.110149,0.746011,-0.107153
0.124408,0.689917,-0.089132
0.123152,0.708385,-0.094235
0.122630,0.726627,-0.099332
0.132171,0.750702,-0.104127
0.143517,0.615145,-0.065850
0.158225,0.639979,-0.069286
0.138812,0.633681,-0.071499
0.153663,0.658381,-0.074947
0.134073,0.653299,-0.077494
0.148927,0.676295,-0.080636
0.128845,0.672460,-0.083630
0.163932,0.700235,-0.084133
0.143449,0.695114,-0.086789
0.159289,0.718629,-0.089954
0.139329,0.714222,-0.092736
0.153262,0.737426,-0.096242
0.135039,0.732637,-0.098537
0.148919,0.756371,-0.102293
0.177154,0.625843,-0.062040
0.163820,0.620782,-0.063362
0.176646,0.645093,-0.067052
0.174041,0.663314,-0.072272
0.168717,0.682216,-0.078304
0.101296,0.782754,-0.119236
0.095906,0.801592,-0.125587
0.110990,0.825500,-0.128828
0.091333,0.819991,-0.131755
0.105559,0.844073,-0.135070
0.085971,0.838661,-0.138070
0.100631,0.862372,-0.141360
0.116732,0.886743,-0.144379
0.096542,0.881206,-0.147481
0.122302,0.752676,-0.106593
0.122406,0.770402,-0.111376
0.105579,0.764345,-0.113120
0.120558,0.789187,-0.117013
0.129487,0.812071,-0.121072
0.115788,0.807606,-0.122898
0.128303,0.831393,-0.126561
0.125693,0.849388,-0.131966
0.120414,0.867732,-0.138227
0.131298,0.769296,-0.109315
0.139948,0.793457,-0.113985
0.057329,0.949472,-0.176175
0.071139,0.973671,-0.180290
0.052320,0.968559,-0.183034
0.066926,0.991810,-0.187074
0.047138,0.986276,-0.189851
0.082584,1.016041,-0.191378
0.062893,1.010452,-0.194030
0.071077,0.894210,-0.157093
0.079487,0.917314,-0.161714
0.066287,0.912601,-0.163326
0.080739,0.937657,-0.167254
0.062027,0.931262,-0.169638
0.090023,0.960987,-0.172263
0.076372,0.955132,-0.173433
0.090573,0.978796,-0.177689
0.087585,0.996756,-0.184026
0.090122,0.917879,-0.159299
0.089784,0.934236,-0.164269
0.099544,0.959742,-0.169743
0.005366,1.117603,-0.242456
0.007795,1.133767,-0.247347
0.003302,1.150973,-0.254454
0.017311,1.130258,-0.243885
0.027985,1.155415,-0.249940
0.027475,1.059544,-0.217747
0.023790,1.078470,-0.224603
0.037514,1.101893,-0.229414
0.017980,1.096651,-0.232048
0.052217,1.125687,-0.234453
0.032738,1.120219,-0.236828
0.014888,1.114647,-0.239047
0.049180,1.144402,-0.241470
0.029353,1.138629,-0.243942
0.042350,1.161991,-0.248865
0.037004,1.023371,-0.204280
0.048059,1.047689,-0.209598
0.032931,1.041329,-0.210749
0.059344,1.072510,-0.215187
0.047008,1.065373,-0.215512
0.061215,1.089856,-0.220530
0.043535,1.084212,-0.222259
0.057328,1.107567,-0.227237
0.047366,1.021041,-0.201095
0.057144,1.045241,-0.206791
0.068376,1.069960,-0.212398
-0.021867,1.225772,-0.285813
-0.020407,1.243108,-0.291246
-0.008659,1.267300,-0.296733
-0.026308,1.260616,-0.298571
0.003388,1.290109,-0.301596
-0.010628,1.284895,-0.303047
-0.023470,1.199769,-0.277342
0.001320,1.264317,-0.293418
-0.001240,1.169449,-0.261845
-0.006054,1.188006,-0.269352
0.008991,1.212031,-0.273855
-0.010864,1.206199,-0.276553
0.024518,1.235723,-0.278396
0.004159,1.229956,-0.281121
-0.012053,1.223293,-0.282634
0.017831,1.253225,-0.285942
-0.000655,1.247413,-0.288035
0.013870,1.272293,-0.293328
0.012456,1.288582,-0.299122
0.018712,1.157737,-0.253090
0.032075,1.184104,-0.259012
0.018397,1.174998,-0.259012
0.031781,1.199998,-0.264491
0.013322,1.193352,-0.266492
0.027721,1.216767,-0.271112
-0.035345,1.298036,-0.313188
-0.020517,1.321327,-0.317170
-0.041006,1.315502,-0.320021
-0.052399,1.308674,-0.320437
-0.025656,1.340391,-0.324247
-0.041309,1.332974,-0.325486
-0.010092,1.361864,-0.328007
-0.029484,1.356827,-0.330234
-0.040564,1.348986,-0.330315
0.355262,-0.377068,0.060643
0.335441,-0.383136,0.057434
0.320162,-0.384084,0.054859
0.331034,-0.363505,0.056026
0.312594,-0.367460,0.052909
0.326471,-0.343914,0.054624
0.306927,-0.349076,0.051377
0.302075,-0.329344,0.049777
0.297723,-0.310590,0.048072
0.350369,-0.358003,0.059160
0.346585,-0.338073,0.057959
0.339429,-0.321476,0.056106
0.321894,-0.323978,0.053064
0.331816,-0.303347,0.053792
0.317885,-0.304252,0.051381
0.311890,-0.285364,0.049477
0.293412,-0.290623,0.046492
0.304090,-0.268972,0.047397
0.288583,-0.271010,0.044823
0.320083,-0.276801,0.050470
0.312620,-0.262190,0.048583
0.323953,-0.240673,0.049553
0.304840,-0.244755,0.046403
0.319073,-0.221340,0.047917
0.299269,-0.226282,0.044869
0.295483,-0.205957,0.043419
0.276642,-0.211411,0.040704
0.291244,-0.186887,0.042072
0.271214,-0.192348,0.039246
0.266539,-0.172958,0.037591
0.262254,-0.153710,0.036073
0.257214,-0.134103,0.034387
0.315554,-0.201391,0.046588
0.310860,-0.182225,0.045047
0.305346,-0.162978,0.043310
0.286251,-0.167754,0.040507
0.296908,-0.145018,0.040989
0.281480,-0.148068,0.038772
0.277052,-0.127930,0.037187
0.269074,-0.111756,0.035403
0.253253,-0.113803,0.033001
0.306042,-0.140763,0.042325
0.276847,-0.105638,0.036335
0.261684,-0.096931,0.033494
0.248604,-0.094591,0.031411
0.240669,-0.076739,0.029430
0.249625,-0.071618,0.030592
0.240526,-0.054405,0.028407
0.288422,-0.083485,0.037514
0.269386,-0.089055,0.034521
0.283674,-0.064399,0.036049
0.264022,-0.069343,0.032948
0.259129,-0.050281,0.031369
0.255072,-0.029789,0.029692
0.235084,-0.036474,0.026864
0.250356,-0.011113,0.027848
0.230844,-0.015690,0.024963
0.226096,0.002758,0.023207
0.221998,0.023055,0.021038
0.279287,-0.043890,0.034437
0.274755,-0.025160,0.032647
0.269497,-0.005941,0.030647
0.262848,0.011995,0.028247
0.245997,0.008892,0.025834
0.254836,0.029657,0.025448
0.241418,0.028399,0.023576
0.270807,0.017753,0.029053
0.264246,0.035022,0.026591
0.236560,0.047453,0.021226
0.229414,0.064956,0.018787
0.212573,0.061398,0.016464
0.221967,0.082397,0.016213
0.208057,0.081038,0.014104
0.203509,0.099590,0.011630
0.196701,0.118360,0.008912
0.189036,0.136643,0.006094
0.257269,0.053536,0.023880
0.237512,0.070624,0.019554
0.231246,0.088291,0.017111
0.223842,0.106032,0.014344
0.205134,0.123651,0.009846
0.199017,0.140691,0.007364
0.191049,0.159176,0.004561
0.252463,0.071690,0.021789
0.247659,0.092249,0.019374
0.243150,0.110675,0.017090
0.238737,0.130708,0.014421
0.218721,0.125522,0.011786
0.233879,0.149360,0.011904
0.214102,0.144889,0.009331
0.229373,0.168849,0.009429
0.209676,0.165031,0.006879
0.205377,0.183241,0.004599
0.185086,0.178186,0.001908
0.200484,0.202744,0.002059
0.180807,0.197289,-0.000415
0.196161,0.222506,-0.000614
0.177133,0.216554,-0.002747
0.191890,0.240558,-0.003352
0.172089,0.235832,-0.005530
0.167157,0.255277,-0.008678
0.162863,0.273956,-0.011862
0.157796,0.294244,-0.015566
0.153366,0.312825,-0.018919
0.225019,0.188990,0.006984
0.220417,0.208051,0.004250
0.215460,0.227323,0.001436
0.211605,0.247033,-0.001529
0.205760,0.265255,-0.004532
0.186908,0.260223,-0.006487
0.200054,0.283957,-0.007799
0.182101,0.280311,-0.009964
0.193867,0.303156,-0.011295
0.178094,0.298993,-0.013147
0.186972,0.322371,-0.014952
0.173757,0.317416,-0.016355
0.202713,0.305923,-0.010256
0.197247,0.324352,-0.013463
0.181110,0.339596,-0.018030
0.168676,0.337383,-0.019769
0.175925,0.356569,-0.021016
0.163918,0.357014,-0.023022
0.158339,0.375026,-0.026214
0.152294,0.393886,-0.029546
0.135141,0.389582,-0.031844
0.145956,0.412132,-0.032650
0.130552,0.409084,-0.034905
0.139937,0.430446,-0.035777
0.126194,0.428552,-0.037792
0.134735,0.449552,-0.038864
0.122526,0.447784,-0.040732
0.191503,0.343274,-0.016864
0.184971,0.362543,-0.020304
0.179761,0.381039,-0.023362
0.161969,0.398656,-0.028514
0.155696,0.416152,-0.031501
0.149374,0.434292,-0.034661
0.142408,0.454027,-0.038161
0.116811,0.466220,-0.043847
0.110361,0.485296,-0.047120
0.104395,0.503396,-0.050426
0.099476,0.523294,-0.054005
0.094426,0.542281,-0.057969
0.091180,0.561929,-0.062442
0.088532,0.581273,-0.067289
0.136367,0.472988,-0.041406
0.132455,0.491520,-0.044209
0.120056,0.489310,-0.045991
0.113096,0.507863,-0.049386
0.108273,0.526707,-0.052958
0.104655,0.545412,-0.056700
0.112750,0.567224,-0.059798
0.100287,0.562311,-0.060856
0.108997,0.585669,-0.064679
0.155578,0.477372,-0.038712
0.151727,0.496947,-0.041606
0.147662,0.516898,-0.044927
0.142472,0.535600,-0.048572
0.138307,0.554090,-0.052467
0.133618,0.572308,-0.057097
0.128298,0.591529,-0.062530
0.075670,0.636742,-0.084540
0.069914,0.655103,-0.090738
0.084644,0.679546,-0.094283
0.065434,0.673819,-0.096746
0.080140,0.698360,-0.100191
0.059019,0.692279,-0.102917
0.075604,0.716697,-0.106000
0.054792,0.711071,-0.108783
0.090480,0.740386,-0.109396
0.070795,0.735482,-0.112076
0.097395,0.605068,-0.071854
0.083986,0.599551,-0.072986
0.097495,0.624232,-0.076937
0.079544,0.618076,-0.078785
0.105513,0.650621,-0.082260
0.094262,0.642453,-0.082397
0.104989,0.666733,-0.086763
0.089007,0.660656,-0.088316
0.103612,0.684916,-0.091871
0.099685,0.703192,-0.097547
0.095002,0.721647,-0.103333
0.107618,0.604672,-0.069839
0.118400,0.628632,-0.074166
0.106772,0.621175,-0.074339
0.115669,0.646907,-0.079318
0.115346,0.665602,-0.084483
0.031592,0.804051,-0.139844
0.026934,0.822438,-0.146112
0.040972,0.846300,-0.149958
0.021346,0.840904,-0.152524
0.037213,0.865343,-0.156332
0.017444,0.859716,-0.158792
0.042625,0.730836,-0.116765
0.042256,0.749188,-0.121978
0.052678,0.774676,-0.126959
0.040377,0.766843,-0.127344
0.052675,0.791403,-0.131913
0.035727,0.784889,-0.133539
0.050724,0.809619,-0.137363
0.062649,0.833781,-0.141800
0.046515,0.827767,-0.143437
0.060626,0.851996,-0.147469
0.056933,0.870289,-0.153525
0.052531,0.747586,-0.119406
0.063317,0.771191,-0.123788
0.063141,0.790355,-0.129401
0.072202,0.814509,-0.134292
0.071196,0.832819,-0.139671
0.003133,0.879573,-0.167707
0.004046,0.897685,-0.172555
0.013255,0.921986,-0.177909
0.002157,0.915434,-0.178256
0.014248,0.940192,-0.183155
-0.002375,0.933915,-0.184803
0.024351,0.963816,-0.188171
0.012705,0.957112,-0.188642
0.025466,0.981643,-0.193407
0.008020,0.975552,-0.195275
0.022353,0.999277,-0.199742
0.012875,0.896148,-0.170340
0.023044,0.936893,-0.180241
0.051751,0.888532,-0.159827
0.031627,0.883517,-0.162758
0.013549,0.877467,-0.164784
0.047361,0.906599,-0.165895
0.027265,0.902045,-0.169011
0.042105,0.925455,-0.172519
0.023897,0.919595,-0.174868
0.037199,0.944392,-0.179274
0.034177,0.962206,-0.185233
-0.040793,1.080024,-0.239911
-0.026541,1.104150,-0.245289
-0.045440,1.098587,-0.247509
-0.031027,1.122546,-0.252614
-0.049928,1.116623,-0.254854
-0.016226,1.145964,-0.257331
-0.035535,1.140220,-0.259886
-0.047941,1.132856,-0.260100
-0.031595,1.026285,-0.219445
-0.019858,1.052218,-0.225605
-0.031425,1.044151,-0.225327
-0.018642,1.068472,-0.230858
-0.036810,1.061786,-0.232614
-0.005775,1.093004,-0.236439
-0.020470,1.086218,-0.237480
-0.007085,1.109173,-0.242370
-0.010828,1.127348,-0.249596
-0.021601,1.025506,-0.217043
-0.009073,1.065438,-0.227639
0.003159,1.089937,-0.233232
-0.002745,1.012681,-0.209139
-0.021475,1.007130,-0.211233
0.013586,1.036464,-0.213114
-0.005884,1.030713,-0.215315
0.007472,1.054614,-0.220300
-0.010226,1.048670,-0.222154
0.004119,1.072635,-0.227080
-0.070351,1.189873,-0.285058
-0.055752,1.213472,-0.289798
-0.075706,1.208088,-0.292481
-0.059957,1.232029,-0.297024
-0.076705,1.226141,-0.298827
-0.045544,1.255162,-0.301386
-0.064848,1.249887,-0.304187
-0.050509,1.273739,-0.308715
-0.064037,1.265780,-0.309349
-0.057591,1.136474,-0.263521
-0.046055,1.158904,-0.268822
-0.061593,1.153601,-0.270339
-0.033514,1.186583,-0.275277
-0.045764,1.177348,-0.275055
-0.065170,1.171639,-0.277530
-0.032738,1.200695,-0.279995
-0.051083,1.195385,-0.282530
-0.036071,1.218753,-0.286963
-0.040201,1.237280,-0.294167
0.276095,-0.399034,0.047525
0.257523,-0.404090,0.044218
0.271254,-0.379614,0.045907
0.251846,-0.385879,0.042554
0.247265,-0.365928,0.041117
0.242933,-0.346147,0.039880
0.295954,-0.393757,0.050924
0.291261,-0.374195,0.049430
0.284475,-0.357203,0.047700
0.267201,-0.360085,0.044669
0.277049,-0.341133,0.045689
0.262460,-0.341027,0.043190
0.256454,-0.321855,0.041427
0.238008,-0.326845,0.038469
0.248905,-0.304284,0.039355
0.234403,-0.307130,0.037100
0.228859,-0.287910,0.035478
0.292526,-0.349842,0.048818
0.265656,-0.316578,0.042759
0.283771,-0.333685,0.046703
0.278250,-0.315610,0.044915
0.273704,-0.296033,0.043235
0.257067,-0.299381,0.040551
0.268732,-0.276121,0.041623
0.249368,-0.281389,0.038518
0.264772,-0.256683,0.040138
0.244963,-0.262333,0.037198
0.229223,-0.265941,0.034808
0.240297,-0.242367,0.035920
0.220644,-0.247890,0.033027
0.236233,-0.223303,0.034973
0.215888,-0.227759,0.031953
0.211744,-0.208633,0.030851
0.260262,-0.236918,0.038905
0.231059,-0.203407,0.033513
0.226959,-0.184048,0.032299
0.219331,-0.166482,0.030388
0.202648,-0.170081,0.028192
0.198523,-0.149656,0.026830
0.198424,-0.126343,0.025733
0.247459,-0.177181,0.034959
0.242203,-0.158085,0.033323
0.237199,-0.139379,0.031731
0.219294,-0.143401,0.029372
0.233363,-0.119324,0.030184
0.213570,-0.124909,0.027630
0.229012,-0.099351,0.028582
0.209100,-0.105406,0.026140
0.190175,-0.109809,0.023881
0.204620,-0.085532,0.024471
0.184580,-0.091020,0.022188
0.200326,-0.066238,0.022867
0.180631,-0.070704,0.020493
0.176125,-0.051660,0.018691
0.171464,-0.032785,0.016994
0.224809,-0.081270,0.027166
0.219918,-0.060737,0.025468
0.212508,-0.042411,0.023468
0.195686,-0.046400,0.021223
0.204384,-0.026886,0.021490
0.190972,-0.026567,0.019411
0.185977,-0.008599,0.017462
0.167162,-0.012444,0.014975
0.176906,0.009746,0.014855
0.162154,0.006136,0.013018
0.220605,-0.036982,0.024565
0.212998,-0.020625,0.022394
0.193304,-0.002723,0.018302
0.186418,0.014389,0.015984
0.157967,0.025728,0.010978
0.150790,0.044320,0.008342
0.143351,0.060834,0.006005
0.158950,0.050066,0.009132
0.151777,0.066658,0.006756
0.197543,0.037024,0.016129
0.178444,0.032388,0.013406
0.192908,0.056565,0.013770
0.173180,0.050932,0.011129
0.188376,0.075372,0.011491
0.168710,0.070318,0.008962
0.183985,0.095521,0.009032
0.164474,0.089668,0.006621
0.144228,0.085327,0.004059
0.159064,0.109125,0.004173
0.140355,0.103470,0.001861
0.155599,0.128036,0.001757
0.135146,0.123630,-0.000810
0.150571,0.147735,-0.000808
0.131419,0.142094,-0.003093
0.164583,0.171023,-0.000696
0.146149,0.167131,-0.003242
0.156124,0.189676,-0.003562
0.142097,0.186210,-0.005576
0.149215,0.206504,-0.006231
0.136434,0.206146,-0.008361
0.131654,0.224721,-0.011135
0.126593,0.243763,-0.014223
0.108790,0.239193,-0.016506
0.118922,0.262940,-0.017842
0.102542,0.258665,-0.020070
0.114280,0.280814,-0.021030
0.099168,0.277461,-0.023142
0.108450,0.298831,-0.024236
0.095187,0.296665,-0.026283
0.172916,0.175989,0.000215
0.164318,0.194614,-0.002753
0.158293,0.212658,-0.005310
0.135497,0.246652,-0.013102
0.128699,0.266766,-0.016680
0.123875,0.285521,-0.019923
0.117179,0.302855,-0.023272
0.152968,0.231131,-0.008191
0.147180,0.250178,-0.011382
0.142606,0.269258,-0.014501
0.138880,0.288188,-0.017728
0.133322,0.307754,-0.021433
0.101239,0.317583,-0.027914
0.088727,0.316061,-0.029831
0.096265,0.336503,-0.031233
0.084060,0.335471,-0.033078
0.080373,0.354661,-0.036292
0.073985,0.372833,-0.039781
0.067874,0.392110,-0.043273
0.061912,0.409875,-0.046289
0.110789,0.322291,-0.027054
0.105674,0.341309,-0.030414
0.100267,0.359984,-0.033730
0.083375,0.377135,-0.038761
0.077743,0.395352,-0.042041
0.071136,0.413813,-0.045187
0.064475,0.432433,-0.048480
0.128910,0.326384,-0.024691
0.124698,0.345693,-0.027798
0.120659,0.365465,-0.031057
0.116597,0.384404,-0.034161
0.095804,0.378904,-0.036897
0.111967,0.403587,-0.037321
0.091585,0.398042,-0.039996
0.106561,0.423228,-0.040417
0.087049,0.416939,-0.043019
0.101819,0.442430,-0.043485
0.081641,0.436458,-0.046199
0.096761,0.461082,-0.046509
0.076641,0.455794,-0.049376
0.091440,0.480327,-0.049732
0.072370,0.474627,-0.052379
0.069306,0.494587,-0.055436
0.049348,0.489624,-0.058343
0.064436,0.512877,-0.058865
0.044336,0.508767,-0.062052
0.058992,0.532317,-0.062840
0.054441,0.551755,-0.067353
0.034485,0.545573,-0.069915
0.070466,0.576116,-0.069576
0.049678,0.570670,-0.072491
0.019251,0.583829,-0.081846
0.018122,0.602485,-0.086971
0.026466,0.628034,-0.092265
0.014230,0.620459,-0.092536
0.025895,0.644894,-0.096953
0.010060,0.639336,-0.098443
0.025335,0.664005,-0.102167
0.005943,0.658088,-0.104335
0.034916,0.687432,-0.106682
0.021463,0.682623,-0.108042
0.034639,0.706535,-0.111805
0.016805,0.701151,-0.114015
0.030746,0.724255,-0.117430
0.029108,0.583292,-0.079770
0.026986,0.600609,-0.084740
0.036048,0.625678,-0.089595
0.036228,0.645204,-0.094884
0.046608,0.668869,-0.099272
0.043447,0.686796,-0.104680
0.042938,0.702273,-0.108945
0.064564,0.593972,-0.075460
0.045679,0.588606,-0.077889
0.058931,0.612655,-0.081561
0.039169,0.607348,-0.084096
0.055037,0.631416,-0.087309
0.050760,0.650581,-0.093436
-0.026986,0.769445,-0.141267
-0.017984,0.795046,-0.146999
-0.028200,0.788418,-0.146939
-0.016860,0.811665,-0.151584
-0.032087,0.806851,-0.152912
-0.007858,0.837998,-0.157492
-0.018207,0.830262,-0.157152
-0.037360,0.825054,-0.159139
-0.006348,0.854574,-0.162028
-0.022209,0.849026,-0.163341
-0.017741,0.750316,-0.134198
-0.017724,0.769232,-0.139663
-0.006992,0.792949,-0.144330
-0.007814,0.810897,-0.149705
0.002735,0.853383,-0.159991
0.006797,0.738218,-0.126240
-0.013620,0.731801,-0.128238
0.021136,0.761941,-0.130043
0.002044,0.756734,-0.132414
0.016265,0.780563,-0.136325
-0.003051,0.774711,-0.138455
0.012129,0.798797,-0.142228
0.007411,0.817200,-0.148528
0.002945,0.835317,-0.154559
-0.065863,0.917655,-0.192578
-0.054742,0.946396,-0.199143
-0.066768,0.935893,-0.198297
-0.054799,0.960144,-0.203361
-0.071057,0.954311,-0.204857
-0.044267,0.984900,-0.208778
-0.056253,0.978091,-0.209240
-0.056442,0.916945,-0.190412
-0.044363,0.959507,-0.201036
-0.033067,0.998563,-0.210896
-0.047086,0.861845,-0.171891
-0.031696,0.885984,-0.176183
-0.051369,0.880681,-0.178451
-0.017063,0.909455,-0.180437
-0.036821,0.904325,-0.182804
-0.056546,0.898670,-0.184934
-0.022278,0.928432,-0.187206
-0.041704,0.922383,-0.189239
-0.026751,0.946703,-0.193663
-0.045537,0.940650,-0.195512
-0.031373,0.964770,-0.200066
-0.033995,0.983392,-0.206364
-0.097600,1.047434,-0.240924
-0.084650,1.071161,-0.246534
-0.099642,1.064558,-0.247310
-0.071722,1.096633,-0.252692
-0.085173,1.088049,-0.252565
-0.105823,1.082749,-0.255128
-0.071417,1.111734,-0.257953
-0.090598,1.106272,-0.260200
-0.074585,1.129767,-0.264927
-0.088624,1.043419,-0.237522
-0.080599,0.991424,-0.218558
-0.065453,1.014538,-0.222956
-0.086229,1.009992,-0.225816
-0.071351,1.033354,-0.230477
-0.089034,1.027514,-0.232237
-0.055924,1.057348,-0.235237
-0.075093,1.051423,-0.237453
-0.061518,1.075648,-0.242993
-0.075881,1.067325,-0.243232
-0.062947,1.092307,-0.249143
-0.081175,1.148317,-0.272901
-0.100813,1.142784,-0.275295
-0.115682,1.135955,-0.276117
-0.084529,1.166607,-0.280156
-0.102531,1.160066,-0.281857
-0.090021,1.184070,-0.287433
-0.089527,1.200607,-0.292967
0.237949,-0.386121,0.040137
0.230026,-0.369558,0.038176
0.223246,-0.351625,0.036580
0.210026,-0.352048,0.034325
0.218463,-0.332202,0.035290
0.201855,-0.335676,0.032555
0.214476,-0.312443,0.034016
0.194487,-0.318208,0.030913
0.180550,-0.317365,0.028699
0.189660,-0.298899,0.029559
0.172715,-0.301685,0.026872
0.205724,-0.273015,0.031334
0.199890,-0.254766,0.029965
0.181308,-0.259593,0.027169
0.191752,-0.237501,0.028302
0.176792,-0.239833,0.026012
0.170873,-0.220901,0.024931
0.152461,-0.224344,0.022200
0.162333,-0.204454,0.023397
0.148208,-0.205647,0.021363
0.141210,-0.188150,0.020015
0.178388,-0.214371,0.025970
0.148657,-0.181541,0.021114
0.199247,-0.231076,0.029356
0.191775,-0.213624,0.027949
0.187428,-0.193605,0.026826
0.169916,-0.197776,0.024312
0.182754,-0.174911,0.025637
0.163326,-0.179686,0.023108
0.158933,-0.160388,0.021909
0.139943,-0.165213,0.019480
0.154568,-0.141068,0.020711
0.133928,-0.145790,0.018070
0.183430,-0.118701,0.023439
0.169291,-0.116072,0.021486
0.150080,-0.120835,0.019229
0.161759,-0.098936,0.019750
0.145336,-0.101205,0.017668
0.154086,-0.084506,0.017714
0.140800,-0.082171,0.015952
0.121309,-0.087250,0.013720
0.133134,-0.064521,0.013845
0.116670,-0.067499,0.011854
0.125592,-0.049170,0.011737
0.112305,-0.047649,0.009854
0.105660,-0.029802,0.007769
0.169841,-0.093373,0.020432
0.141453,-0.059248,0.014548
0.114550,-0.025635,0.008692
0.106057,-0.007154,0.006108
0.161908,-0.076863,0.018499
0.156416,-0.057061,0.016363
0.151453,-0.037470,0.014471
0.133463,-0.041953,0.012335
0.147633,-0.018432,0.012694
0.127508,-0.023186,0.010180
0.142484,0.001716,0.010567
0.122954,-0.003751,0.008198
0.118886,0.015042,0.006271
0.098921,0.010834,0.003805
0.113822,0.035080,0.003878
0.093825,0.030068,0.001491
0.109242,0.054872,0.001547
0.090155,0.049170,-0.000723
0.084960,0.068062,-0.003020
0.080820,0.087814,-0.005267
0.076134,0.107161,-0.007399
0.137952,0.021208,0.008490
0.134094,0.039546,0.006372
0.128816,0.059574,0.003924
0.125075,0.079017,0.001703
0.105265,0.073610,-0.000671
0.117244,0.096538,-0.000885
0.099826,0.093317,-0.003039
0.109414,0.115604,-0.003621
0.096378,0.112258,-0.005168
0.090510,0.131367,-0.007822
0.071685,0.126745,-0.009802
0.126506,0.102019,-0.000009
0.118031,0.119695,-0.002817
0.084216,0.149859,-0.010316
0.066983,0.146321,-0.012190
0.076145,0.168342,-0.013248
0.062497,0.165444,-0.014731
0.070620,0.183359,-0.015643
0.057748,0.184724,-0.017681
0.052901,0.203622,-0.020864
0.046902,0.221894,-0.024412
0.041198,0.241598,-0.028128
0.093477,0.155105,-0.009594
0.084860,0.172101,-0.012414
0.078745,0.190950,-0.015281
0.056353,0.225570,-0.023327
0.051260,0.243359,-0.026660
0.044846,0.263698,-0.030455
0.039831,0.282792,-0.034061
0.106552,0.156879,-0.008035
0.101426,0.176118,-0.010550
0.098135,0.195689,-0.012962
0.092223,0.214909,-0.016053
0.073056,0.209829,-0.018420
0.088656,0.234034,-0.019241
0.068345,0.228669,-0.021739
0.083471,0.252832,-0.022510
0.063886,0.247621,-0.025094
0.078954,0.271944,-0.025836
0.058996,0.266531,-0.028543
0.075177,0.291961,-0.029128
0.055811,0.286301,-0.031808
0.069408,0.310766,-0.032602
0.049465,0.305041,-0.035298
0.064208,0.329539,-0.035764
0.044762,0.324290,-0.038508
0.060217,0.348687,-0.038749
0.040406,0.343881,-0.041697
0.021483,0.338926,-0.044282
0.036214,0.363583,-0.044795
0.017234,0.357700,-0.047316
0.031809,0.382392,-0.047828
0.012218,0.377198,-0.050541
0.027141,0.401489,-0.050927
0.008036,0.396070,-0.053551
0.022587,0.420710,-0.054225
0.003098,0.414794,-0.056772
0.056017,0.367831,-0.041924
0.051825,0.387453,-0.045190
0.046620,0.406584,-0.048430
0.055063,0.428744,-0.049648
0.041854,0.426371,-0.051635
0.017460,0.439378,-0.057474
-0.001589,0.434205,-0.060238
0.012509,0.458681,-0.060861
-0.006569,0.453414,-0.063719
0.008627,0.478307,-0.064196
-0.011444,0.472422,-0.067211
-0.015769,0.491670,-0.070738
-0.019797,0.510248,-0.074368
-0.023997,0.529820,-0.078595
-0.009317,0.554476,-0.080753
-0.028926,0.548997,-0.083672
0.048361,0.448395,-0.053246
0.036901,0.445386,-0.054868
0.031899,0.464006,-0.058093
0.027824,0.483225,-0.061369
0.022699,0.502676,-0.065170
0.005099,0.497230,-0.067555
0.017731,0.521589,-0.069059
0.000344,0.516411,-0.071424
0.013338,0.540511,-0.073187
0.010384,0.559984,-0.077940
0.037978,0.486532,-0.059944
0.031945,0.505450,-0.063742
0.027749,0.523026,-0.067285
0.023156,0.541926,-0.071471
-0.054884,0.641676,-0.111798
-0.046696,0.665960,-0.116448
-0.059303,0.660224,-0.117328
-0.047172,0.684229,-0.121229
-0.063062,0.679305,-0.122888
-0.047810,0.703326,-0.126375
-0.066928,0.698742,-0.128607
-0.042843,0.604189,-0.099767
-0.044178,0.623304,-0.104915
-0.036499,0.665936,-0.114445
-0.037487,0.684488,-0.119482
-0.027773,0.707836,-0.123995
-0.013943,0.573485,-0.086121
-0.034335,0.567171,-0.089057
-0.018968,0.591867,-0.091639
-0.039337,0.585657,-0.094452
-0.005828,0.615598,-0.095120
-0.025159,0.609737,-0.097599
-0.009952,0.633697,-0.100748
-0.029911,0.628592,-0.103491
-0.014654,0.652343,-0.106599
-0.034245,0.647203,-0.109091
-0.019448,0.671076,-0.112462
-0.024385,0.689629,-0.118421
-0.071964,0.716750,-0.134211
-0.077290,0.735247,-0.140249
-0.062554,0.759025,-0.144469
-0.082781,0.753530,-0.146292
-0.067769,0.777416,-0.150754
-0.086657,0.772320,-0.152551
-0.052647,0.801209,-0.155014
-0.071897,0.796333,-0.157004
-0.089599,0.790508,-0.158434
-0.057242,0.819607,-0.161283
-0.076522,0.815276,-0.163470
-0.061612,0.839047,-0.167849
-0.078974,0.832413,-0.169137
-0.037078,0.709979,-0.126325
-0.036810,0.727756,-0.131078
-0.051624,0.721745,-0.131988
-0.027946,0.754240,-0.137123
-0.038678,0.746008,-0.136598
-0.056977,0.740610,-0.138214
-0.041925,0.764659,-0.142474
-0.046881,0.782814,-0.148676
-0.028458,0.726238,-0.129210
-0.110891,0.864465,-0.184796
-0.115626,0.883449,-0.191537
-0.100911,0.907037,-0.196137
-0.120762,0.902080,-0.198260
-0.105783,0.925447,-0.202896
-0.124975,0.920054,-0.204688
-0.090814,0.949288,-0.207347
-0.110489,0.944164,-0.209713
-0.125704,0.938055,-0.210530
-0.095544,0.967291,-0.213925
-0.113634,0.961847,-0.215917
-0.088105,0.851847,-0.176832
-0.105795,0.846864,-0.178412
-0.077616,0.874747,-0.181848
-0.091428,0.870417,-0.183192
-0.076884,0.894824,-0.187740
-0.096076,0.888607,-0.189526
-0.081136,0.911939,-0.193820
-0.086213,0.930988,-0.200710
-0.079257,0.848494,-0.174084
-0.067818,0.874558,-0.179810
-0.149307,1.011836,-0.239157
-0.134417,1.035333,-0.244297
-0.154815,1.030745,-0.246629
-0.119687,1.058936,-0.249515
-0.140388,1.054293,-0.252157
-0.157306,1.047359,-0.253053
-0.125116,1.077144,-0.257241
-0.142736,1.071567,-0.258888
-0.129030,1.095314,-0.264561
-0.141755,1.087949,-0.264540
-0.128820,1.111249,-0.270215
-0.122416,0.981596,-0.224114
-0.139886,0.975382,-0.225271
-0.110450,1.007103,-0.229891
-0.124907,0.998961,-0.230318
-0.145132,0.993954,-0.232439
-0.110779,1.022995,-0.235312
-0.130367,1.017671,-0.237420
-0.115173,1.040806,-0.242309
-0.113106,0.978291,-0.221004
0.151907,-0.283625,0.023150
0.143165,-0.267922,0.021469
0.137092,-0.250272,0.020313
0.122217,-0.252210,0.018347
0.132909,-0.230221,0.019354
0.113887,-0.235090,0.016767
0.128160,-0.210507,0.018556
0.108326,-0.216064,0.015795
0.091601,-0.217710,0.013579
0.104105,-0.196387,0.015038
0.083952,-0.201389,0.012508
0.080105,-0.181719,0.011816
0.075572,-0.162655,0.010893
0.123675,-0.190440,0.017617
0.132549,-0.172849,0.018548
0.119180,-0.172055,0.016715
0.099736,-0.176123,0.014234
0.111082,-0.155093,0.015216
0.095054,-0.156204,0.013212
0.089763,-0.137753,0.011957
0.071193,-0.142655,0.009687
0.081245,-0.120564,0.010027
0.066520,-0.123252,0.008336
0.096490,-0.128386,0.012407
0.068877,-0.095884,0.007222
0.110962,-0.131652,0.014529
0.105961,-0.111674,0.012909
0.089616,-0.114711,0.010883
0.101461,-0.092231,0.011254
0.082247,-0.097715,0.009080
0.097106,-0.073373,0.009659
0.077450,-0.078785,0.007392
0.060068,-0.080850,0.005351
0.072719,-0.058405,0.005655
0.052823,-0.063531,0.003622
0.068245,-0.039004,0.003761
0.048511,-0.044438,0.001848
0.044041,-0.025290,0.000011
0.092652,-0.053634,0.007724
0.088246,-0.034088,0.005894
0.098129,-0.014075,0.005512
0.083397,-0.014358,0.003704
0.063808,-0.019659,0.001817
0.078336,0.004145,0.001649
0.059558,-0.000565,-0.000189
0.070712,0.021655,-0.000749
0.054722,0.019152,-0.002343
0.063205,0.036525,-0.003067
0.049741,0.038566,-0.004689
0.030903,0.033434,-0.006301
0.043657,0.056425,-0.006992
0.026416,0.053145,-0.008646
0.035412,0.072905,-0.009428
0.021118,0.072578,-0.011124
0.016435,0.090840,-0.013333
0.079057,0.026632,-0.000097
0.052684,0.060624,-0.006234
0.043924,0.079290,-0.008957
0.024458,0.096863,-0.012747
0.016869,0.114398,-0.015382
0.071053,0.044996,-0.002795
0.065144,0.063719,-0.005109
0.061274,0.082755,-0.007189
0.055943,0.102117,-0.009539
0.036780,0.096654,-0.011349
0.052679,0.121403,-0.011755
0.032550,0.116721,-0.013655
0.046784,0.140753,-0.014262
0.027147,0.135752,-0.016321
0.043221,0.159904,-0.016803
0.023756,0.155137,-0.019011
0.004056,0.150416,-0.021048
0.017873,0.174007,-0.022084
-0.001736,0.168828,-0.024161
0.014350,0.193265,-0.025207
-0.005482,0.188296,-0.027325
0.009490,0.212473,-0.028778
-0.010261,0.207328,-0.030809
0.004712,0.231693,-0.032236
-0.014906,0.226324,-0.034262
-0.000054,0.250965,-0.035721
-0.019257,0.245734,-0.037815
-0.004527,0.270318,-0.039353
-0.024621,0.264707,-0.041501
0.037731,0.179457,-0.019989
0.033825,0.198904,-0.023171
0.029089,0.217616,-0.026680
0.024574,0.236989,-0.030096
0.035705,0.259618,-0.031514
0.019729,0.256067,-0.033519
0.030383,0.278614,-0.035032
0.015516,0.275784,-0.037111
-0.009576,0.288997,-0.042882
-0.028792,0.283774,-0.044872
-0.012939,0.308326,-0.046052
-0.032576,0.303400,-0.048248
-0.038640,0.321621,-0.051710
-0.043402,0.341313,-0.055209
-0.047575,0.361212,-0.058644
-0.052143,0.380368,-0.062120
-0.056547,0.399697,-0.065582
0.009705,0.294531,-0.040634
0.006056,0.313853,-0.043725
0.002270,0.333364,-0.046881
-0.017825,0.327879,-0.049417
-0.003519,0.351919,-0.050079
-0.022950,0.346281,-0.052641
-0.010345,0.370968,-0.053542
-0.027397,0.365711,-0.055834
-0.016096,0.388573,-0.056825
-0.032153,0.385466,-0.059223
0.004383,0.358385,-0.049513
-0.000243,0.373554,-0.052183
-0.006440,0.391994,-0.055534
-0.061135,0.418530,-0.069045
-0.065861,0.437075,-0.072465
-0.070861,0.456135,-0.076013
-0.074936,0.476064,-0.079905
-0.079361,0.494619,-0.083758
-0.084297,0.513363,-0.087974
-0.088955,0.532257,-0.092632
-0.027127,0.427357,-0.063948
-0.041121,0.423840,-0.066083
-0.032490,0.445420,-0.067510
-0.045793,0.442608,-0.069489
-0.038189,0.464595,-0.071195
-0.050493,0.460995,-0.072923
-0.043372,0.483922,-0.074988
-0.054630,0.480251,-0.076582
-0.048605,0.503140,-0.078920
-0.059384,0.499761,-0.080470
-0.053523,0.522386,-0.083029
-0.064482,0.518985,-0.084802
-0.056381,0.541720,-0.087760
-0.069541,0.538266,-0.089746
-0.017456,0.430030,-0.062570
-0.023662,0.448909,-0.066296
-0.028837,0.467290,-0.069803
-0.046165,0.543569,-0.085973
-0.094041,0.550949,-0.097859
-0.098466,0.569811,-0.102782
-0.083347,0.594258,-0.105377
-0.102640,0.588626,-0.107903
-0.088442,0.612789,-0.110870
-0.107432,0.607299,-0.113147
-0.093457,0.631722,-0.116336
-0.112636,0.626182,-0.118614
-0.079041,0.655071,-0.119532
-0.098564,0.649979,-0.121730
-0.116866,0.644631,-0.123883
-0.082067,0.674760,-0.125177
-0.102036,0.668913,-0.127198
-0.086719,0.693512,-0.130769
-0.106227,0.687916,-0.132817
-0.058526,0.561722,-0.092891
-0.073816,0.556963,-0.094886
-0.060458,0.580936,-0.097658
-0.078401,0.575835,-0.100023
-0.052599,0.604617,-0.101909
-0.064486,0.599468,-0.102910
-0.053841,0.622446,-0.106701
-0.068995,0.618179,-0.108509
-0.073928,0.636752,-0.114051
-0.048700,0.561946,-0.090819
-0.050733,0.579480,-0.095345
-0.145851,0.757021,-0.158249
-0.135475,0.799810,-0.168868
-0.154626,0.793878,-0.170509
-0.140771,0.817955,-0.175229
-0.161065,0.812525,-0.177236
-0.120695,0.709296,-0.140887
-0.131671,0.701196,-0.140834
-0.122515,0.724782,-0.145243
-0.121754,0.744282,-0.150441
-0.140538,0.738208,-0.152131
-0.111524,0.767186,-0.155285
-0.126066,0.762254,-0.156235
-0.100121,0.795010,-0.161599
-0.112567,0.786037,-0.160897
-0.131641,0.780163,-0.162324
-0.116041,0.803911,-0.166902
-0.120679,0.822963,-0.173462
-0.112354,0.724677,-0.143536
-0.111643,0.741578,-0.147871
-0.101245,0.767134,-0.153470
-0.101653,0.781444,-0.157669
-0.160625,0.872947,-0.195812
-0.174471,0.868257,-0.196537
-0.148509,0.900813,-0.202564
-0.160647,0.891980,-0.201747
-0.179659,0.885670,-0.202929
-0.148035,0.915700,-0.207151
-0.164894,0.909870,-0.208069
-0.136038,0.939626,-0.212928
-0.150182,0.933298,-0.213261
-0.169572,0.928279,-0.214788
-0.154260,0.951822,-0.219987
-0.163430,0.847542,-0.188082
-0.137893,0.913405,-0.204784
-0.125983,0.840954,-0.179964
-0.145711,0.835521,-0.181497
-0.163236,0.831099,-0.183178
-0.130343,0.859985,-0.186717
-0.149953,0.854886,-0.188239
-0.134889,0.877831,-0.193091
-0.151494,0.872328,-0.193974
-0.139356,0.895604,-0.199421
-0.159902,0.970947,-0.227285
-0.179380,0.964764,-0.228472
-0.198353,0.959597,-0.229814
-0.164155,0.988448,-0.233913
-0.183855,0.983751,-0.235601
-0.197464,0.974609,-0.234768
-0.169525,1.007132,-0.241254
-0.183719,0.999315,-0.241040
-0.170234,1.023679,-0.247061
0.050908,-0.147520,0.007385
0.031563,-0.153214,0.005350
0.019836,-0.154003,0.003509
0.027220,-0.133747,0.004277
0.014922,-0.135329,0.001401
0.022349,-0.114230,0.002916
0.010503,-0.116667,-0.000898
0.006412,-0.098125,-0.003619
0.002037,-0.078209,-0.006805
-0.002078,-0.058876,-0.009488
-0.006380,-0.039678,-0.013088
0.046797,-0.128122,0.006201
0.060741,-0.104272,0.006681
0.041807,-0.108029,0.004768
0.051870,-0.086112,0.004615
0.037917,-0.088574,0.003316
0.017924,-0.094160,0.001468
0.032122,-0.071700,0.001844
0.013219,-0.074594,-0.000054
0.023053,-0.055101,-0.000106
0.008828,-0.055010,-0.001761
0.001781,-0.037027,-0.003828
0.039037,-0.064245,0.002187
0.010699,-0.030796,-0.003190
-0.010103,-0.022715,-0.015971
-0.014725,-0.000149,-0.018939
-0.019028,0.018643,-0.022827
-0.023201,0.037209,-0.027128
-0.027462,0.056436,-0.031189
-0.031632,0.075724,-0.035127
-0.035588,0.093551,-0.038670
0.019512,-0.010370,-0.003831
0.002144,-0.014521,-0.005449
0.015278,0.008951,-0.005927
-0.004098,0.003841,-0.007902
0.011085,0.028489,-0.008106
-0.009017,0.023697,-0.010367
0.006555,0.047997,-0.010588
-0.014593,0.042341,-0.013127
-0.019516,0.061148,-0.015662
-0.023890,0.080646,-0.018401
-0.028462,0.099592,-0.021200
-0.039950,0.113461,-0.043279
-0.044261,0.132613,-0.047196
-0.048463,0.150754,-0.050943
-0.053049,0.170363,-0.054924
-0.057567,0.190178,-0.058702
-0.061718,0.208859,-0.063212
-0.066086,0.228202,-0.067061
-0.070186,0.247248,-0.071123
0.000844,0.127490,-0.018978
-0.011849,0.125109,-0.020314
-0.016818,0.144580,-0.023231
-0.023241,0.162646,-0.026315
-0.029686,0.181930,-0.029867
-0.047104,0.176372,-0.034522
-0.034451,0.199442,-0.033022
-0.051262,0.195878,-0.037868
-0.040725,0.218470,-0.036797
-0.056421,0.215059,-0.042376
-0.046018,0.238919,-0.040736
-0.060097,0.234218,-0.045503
-0.051616,0.256383,-0.044280
-0.065140,0.252775,-0.049953
-0.014521,0.167628,-0.025731
-0.019648,0.184578,-0.028809
-0.025565,0.204524,-0.032488
-0.031105,0.222353,-0.035829
-0.036735,0.242167,-0.039682
-0.042295,0.260332,-0.043349
-0.074454,0.266628,-0.074971
-0.078644,0.285080,-0.079383
-0.083002,0.305211,-0.082496
-0.087286,0.324665,-0.087212
-0.091394,0.343522,-0.091320
-0.095703,0.362285,-0.096058
-0.099811,0.380896,-0.099655
-0.055885,0.275128,-0.047908
-0.068445,0.272458,-0.052697
-0.062079,0.294902,-0.051844
-0.074301,0.291109,-0.057790
-0.078131,0.310738,-0.060841
-0.082882,0.329822,-0.064557
-0.088252,0.349080,-0.069277
-0.092962,0.367592,-0.074008
-0.097368,0.385892,-0.077911
-0.073396,0.335997,-0.059579
-0.078616,0.352219,-0.062727
-0.084126,0.371011,-0.066531
-0.089530,0.391078,-0.070463
-0.046935,0.279348,-0.046928
-0.051860,0.297916,-0.050416
-0.058131,0.316938,-0.054164
-0.062258,0.335778,-0.057580
-0.066886,0.355413,-0.061130
-0.071777,0.374524,-0.064685
-0.076766,0.394174,-0.068474
-0.104096,0.400183,-0.103623
-0.108461,0.419206,-0.107644
-0.112537,0.438178,-0.111795
-0.116635,0.457655,-0.114825
-0.121933,0.469795,-0.117952
-0.130465,0.515378,-0.127352
-0.115376,0.462646,-0.093457
-0.122179,0.480301,-0.094132
-0.126989,0.501781,-0.096800
-0.128213,0.519354,-0.105414
-0.094662,0.409161,-0.074035
-0.099092,0.427843,-0.077728
-0.103963,0.446321,-0.081464
-0.108549,0.466885,-0.085437
-0.112404,0.485008,-0.089082
-0.116678,0.503011,-0.093256
-0.120064,0.521996,-0.097469
-0.123030,0.538248,-0.101473
-0.081095,0.413278,-0.071988
-0.085684,0.431602,-0.075448
-0.090584,0.450504,-0.079088
-0.095211,0.470070,-0.083047
-0.099091,0.489249,-0.086929
-0.103986,0.508050,-0.091301
-0.108907,0.527215,-0.096099
-0.133737,0.534168,-0.130595
-0.137767,0.553699,-0.135437
-0.141570,0.572676,-0.139146
-0.145627,0.592102,-0.142841
-0.150026,0.611762,-0.147233
-0.154004,0.631247,-0.151403
-0.157886,0.650242,-0.155147
-0.161726,0.668436,-0.158904
-0.138922,0.577436,-0.118886
-0.143293,0.596914,-0.123919
-0.147504,0.615728,-0.128466
-0.151321,0.634347,-0.133145
-0.155339,0.652738,-0.137848
-0.159869,0.671721,-0.143164
-0.131336,0.539785,-0.109315
-0.127005,0.567832,-0.108742
-0.134701,0.558467,-0.113594
-0.129692,0.583363,-0.112557
-0.132227,0.601533,-0.117077
-0.134816,0.620487,-0.121921
-0.137192,0.639400,-0.126704
-0.128767,0.662974,-0.130505
-0.142347,0.658065,-0.132158
-0.129051,0.682215,-0.135499
-0.146380,0.677047,-0.137684
-0.121320,0.602802,-0.114966
-0.124183,0.621671,-0.119807
-0.165963,0.687852,-0.162938
-0.170213,0.707099,-0.166850
-0.174432,0.726141,-0.171148
-0.178580,0.745192,-0.175005
-0.182696,0.764279,-0.178826
-0.186901,0.783732,-0.183471
-0.191238,0.802860,-0.189008
-0.164191,0.691847,-0.148260
-0.156682,0.714544,-0.148967
-0.168379,0.710084,-0.152841
-0.161093,0.733026,-0.154628
-0.172778,0.729488,-0.158579
-0.165553,0.751647,-0.160405
-0.176587,0.747345,-0.163083
-0.151688,0.775199,-0.164416
-0.171318,0.770486,-0.166857
-0.173671,0.788184,-0.172482
-0.195590,0.820999,-0.194934
-0.196804,0.861702,-0.200235
-0.201225,0.880387,-0.206277
-0.204975,0.898734,-0.211956
-0.208266,0.917444,-0.218020
-0.210519,0.936356,-0.224254
-0.209506,0.951013,-0.228866